  k             x             y       f(x, y)            Sx            Sy        lambda |xk - x(k-1)| |yk - y(k-1)| |fk - f(k-1)|         angle
  1  3.491288e+00  3.503724e+00  6.221982e+00  5.980000e+02 -6.000000e+02  2.493793e-03  1.491288e+00  1.496276e+00 -8.947780e+02  9.019751e+01
  2  1.751716e+00  1.755469e+00  5.664850e-01 -2.485104e+00 -2.497508e+00  7.000000e-01  1.739572e+00  1.748255e+00 -5.655497e+00  1.799187e+02
  3  1.066306e+00  1.070930e+00  6.533856e-03 -9.791564e-01 -9.779128e-01  7.000000e-01  6.854095e-01  6.845390e-01 -5.599512e-01  1.798397e+02
  4  1.066398e+00  1.066411e+00  4.408747e-03  3.416984e-02 -1.681497e+00  2.686933e-03  9.181206e-05  4.518069e-03 -2.125108e-03  1.338362e+02
  5  1.065607e+00  1.066334e+00  4.357138e-03 -1.299470e-01 -1.271885e-02  6.090897e-03  7.914939e-04  7.746919e-05 -5.160960e-05  1.405706e+02

  k             x             y       f(x, y)            Sx            Sy        lambda |xk - x(k-1)| |yk - y(k-1)| |fk - f(k-1)|         angle
  1  3.491288e+00  3.503724e+00  6.221982e+00  5.980000e+02 -6.000000e+02  2.493793e-03  1.491288e+00  1.496276e+00 -8.947780e+02  9.019751e+01
  2  1.751716e+00  1.755469e+00  5.664850e-01 -2.485104e+00 -2.497508e+00  7.000000e-01  1.739572e+00  1.748255e+00 -5.655497e+00  1.799187e+02
  3  1.066306e+00  1.070930e+00  6.533856e-03 -9.791564e-01 -9.779128e-01  7.000000e-01  6.854095e-01  6.845390e-01 -5.599512e-01  1.798397e+02
  4  1.066398e+00  1.066411e+00  4.408747e-03  3.416984e-02 -1.681497e+00  2.686933e-03  9.181206e-05  4.518069e-03 -2.125108e-03  1.338362e+02
  5  1.065607e+00  1.066334e+00  4.357138e-03 -1.299470e-01 -1.271885e-02  6.090897e-03  7.914939e-04  7.746919e-05 -5.160960e-05  1.405706e+02
  6  1.024401e+00  1.021573e+00  1.395211e-03 -1.485658e-01 -1.613843e-01  2.773560e-01  4.120561e-02  4.476092e-02 -2.961927e-03  1.775526e+02
  7  1.015339e+00  1.015766e+00  2.535345e-04 -2.767790e+00 -1.773560e+00  3.273983e-03  9.061697e-03  5.806605e-03 -1.141677e-03  1.676391e+02
  8  1.015478e+00  1.015536e+00  2.398918e-04  5.209135e-02 -8.709435e-02  2.651867e-03  1.381394e-04  2.309627e-04 -1.364272e-05  1.041179e+02
  9  1.003722e+00  1.004410e+00  6.120047e-05 -1.679339e-02 -1.589317e-02  7.000000e-01  1.175537e-02  1.112522e-02 -1.786914e-04  1.784028e+02
 10  1.000336e+00  1.000320e+00  1.392213e-07 -9.969928e-01 -1.204358e+00  3.396172e-03  3.385959e-03  4.090207e-03 -6.106125e-05  1.746182e+02
 11  1.000326e+00  1.000328e+00  1.068715e-07 -3.916608e-03  3.220900e-03  2.516148e-03  9.854766e-06  8.104262e-06 -3.234981e-08  9.556710e+01

  k             x             y       f(x, y)            Sx            Sy        lambda |xk - x(k-1)| |yk - y(k-1)| |fk - f(k-1)|         angle
  1  3.491288e+00  3.503724e+00  6.221982e+00  5.980000e+02 -6.000000e+02  2.493793e-03  1.491288e+00  1.496276e+00 -8.947780e+02  9.019751e+01
  2  1.751716e+00  1.755469e+00  5.664850e-01 -2.485104e+00 -2.497508e+00  7.000000e-01  1.739572e+00  1.748255e+00 -5.655497e+00  1.799187e+02
  3  1.066306e+00  1.070930e+00  6.533856e-03 -9.791564e-01 -9.779128e-01  7.000000e-01  6.854095e-01  6.845390e-01 -5.599512e-01  1.798397e+02
  4  1.066398e+00  1.066411e+00  4.408747e-03  3.416984e-02 -1.681497e+00  2.686933e-03  9.181206e-05  4.518069e-03 -2.125108e-03  1.338362e+02
  5  1.065607e+00  1.066334e+00  4.357138e-03 -1.299470e-01 -1.271885e-02  6.090897e-03  7.914939e-04  7.746919e-05 -5.160960e-05  1.405706e+02
  6  1.024401e+00  1.021573e+00  1.395211e-03 -1.485658e-01 -1.613843e-01  2.773560e-01  4.120561e-02  4.476092e-02 -2.961927e-03  1.775526e+02
  7  1.015339e+00  1.015766e+00  2.535345e-04 -2.767790e+00 -1.773560e+00  3.273983e-03  9.061697e-03  5.806605e-03 -1.141677e-03  1.676391e+02
  8  1.015478e+00  1.015536e+00  2.398918e-04  5.209135e-02 -8.709435e-02  2.651867e-03  1.381394e-04  2.309627e-04 -1.364272e-05  1.041179e+02
  9  1.003722e+00  1.004410e+00  6.120047e-05 -1.679339e-02 -1.589317e-02  7.000000e-01  1.175537e-02  1.112522e-02 -1.786914e-04  1.784028e+02
 10  1.000336e+00  1.000320e+00  1.392213e-07 -9.969928e-01 -1.204358e+00  3.396172e-03  3.385959e-03  4.090207e-03 -6.106125e-05  1.746182e+02
 11  1.000326e+00  1.000328e+00  1.068715e-07 -3.916608e-03  3.220900e-03  2.516148e-03  9.854766e-06  8.104262e-06 -3.234981e-08  9.556710e+01

  k             x             y       f(x, y)            Sx            Sy        lambda |xk - x(k-1)| |yk - y(k-1)| |fk - f(k-1)|         angle
  1  3.491288e+00  3.503724e+00  6.221982e+00  5.980000e+02 -6.000000e+02  2.493793e-03  1.491288e+00  1.496276e+00 -8.947780e+02  9.019751e+01
  2  1.751716e+00  1.755469e+00  5.664850e-01 -2.485104e+00 -2.497508e+00  7.000000e-01  1.739572e+00  1.748255e+00 -5.655497e+00  1.799187e+02
  3  1.066306e+00  1.070930e+00  6.533856e-03 -9.791564e-01 -9.779128e-01  7.000000e-01  6.854095e-01  6.845390e-01 -5.599512e-01  1.798397e+02
  4  1.066398e+00  1.066411e+00  4.408747e-03  3.416984e-02 -1.681497e+00  2.686933e-03  9.181206e-05  4.518069e-03 -2.125108e-03  1.338362e+02
  5  1.065607e+00  1.066334e+00  4.357138e-03 -1.299470e-01 -1.271885e-02  6.090897e-03  7.914939e-04  7.746919e-05 -5.160960e-05  1.405706e+02
  6  1.024401e+00  1.021573e+00  1.395211e-03 -1.485658e-01 -1.613843e-01  2.773560e-01  4.120561e-02  4.476092e-02 -2.961927e-03  1.775526e+02
  7  1.015339e+00  1.015766e+00  2.535345e-04 -2.767790e+00 -1.773560e+00  3.273983e-03  9.061697e-03  5.806605e-03 -1.141677e-03  1.676391e+02
  8  1.015478e+00  1.015536e+00  2.398918e-04  5.209135e-02 -8.709435e-02  2.651867e-03  1.381394e-04  2.309627e-04 -1.364272e-05  1.041179e+02
  9  1.003722e+00  1.004410e+00  6.120047e-05 -1.679339e-02 -1.589317e-02  7.000000e-01  1.175537e-02  1.112522e-02 -1.786914e-04  1.784028e+02
 10  1.000336e+00  1.000320e+00  1.392213e-07 -9.969928e-01 -1.204358e+00  3.396172e-03  3.385959e-03  4.090207e-03 -6.106125e-05  1.746182e+02
 11  1.000326e+00  1.000328e+00  1.068715e-07 -3.916608e-03  3.220900e-03  2.516148e-03  9.854766e-06  8.104262e-06 -3.234981e-08  9.556710e+01
 12  1.000097e+00  1.000096e+00  9.550123e-09 -3.273722e-04 -3.312902e-04  7.000000e-01  2.291605e-04  2.319031e-04 -9.732139e-08  1.796592e+02
 13  1.000095e+00  1.000096e+00  9.123595e-09 -6.629173e-04 -9.115462e-05  3.588064e-03  2.378590e-06  3.270686e-07 -4.265279e-10  1.428293e+02
 14  1.000095e+00  1.000094e+00  8.950300e-09 -4.276812e-05 -2.300602e-04  7.026881e-03  3.005265e-07  1.616606e-06 -1.732948e-10  1.455310e+02
 15  1.000085e+00  1.000088e+00  7.963242e-09 -2.759868e-04 -1.914854e-04  3.534285e-02  9.754160e-06  6.767640e-06 -9.870576e-10  1.697536e+02
 16  1.000080e+00  1.000079e+00  6.537793e-09 -7.280489e-04 -1.325984e-03  6.267932e-03  4.563361e-06  8.311180e-06 -1.425449e-09  1.637695e+02
 17  1.000079e+00  1.000080e+00  6.276326e-09 -4.084580e-04  9.988642e-05  3.170692e-03  1.295094e-06  3.167090e-07 -2.614675e-10  1.212583e+02
 18  1.000076e+00  1.000075e+00  5.951206e-09 -7.046117e-05 -1.172624e-04  3.809759e-02  2.684400e-06  4.467413e-06 -3.251200e-10  1.660010e+02
 19  1.000033e+00  1.000036e+00  2.136919e-09 -1.131067e-03 -1.016465e-03  3.835571e-02  4.338289e-05  3.898722e-05 -3.814287e-09  1.769452e+02
 20  1.000033e+00  1.000034e+00  1.120159e-09  2.107406e-04 -9.845431e-04  2.667291e-03  5.621066e-07  2.626063e-06 -1.016760e-09  1.229182e+02
 21  1.000033e+00  1.000033e+00  1.104338e-09 -5.446593e-05 -1.488718e-05  9.955582e-03  5.422401e-07  1.482105e-07 -1.582088e-11  1.502872e+02

  k             x             y       f(x, y)            Sx            Sy        lambda |xk - x(k-1)| |yk - y(k-1)| |fk - f(k-1)|         angle
  1  3.491288e+00  3.503724e+00  6.221982e+00  5.980000e+02 -6.000000e+02  2.493793e-03  1.491288e+00  1.496276e+00 -8.947780e+02  9.019751e+01
  2  1.751716e+00  1.755469e+00  5.664850e-01 -2.485104e+00 -2.497508e+00  7.000000e-01  1.739572e+00  1.748255e+00 -5.655497e+00  1.799187e+02
  3  1.066306e+00  1.070930e+00  6.533856e-03 -9.791564e-01 -9.779128e-01  7.000000e-01  6.854095e-01  6.845390e-01 -5.599512e-01  1.798397e+02
  4  1.066398e+00  1.066411e+00  4.408747e-03  3.416984e-02 -1.681497e+00  2.686933e-03  9.181206e-05  4.518069e-03 -2.125108e-03  1.338362e+02
  5  1.065607e+00  1.066334e+00  4.357138e-03 -1.299470e-01 -1.271885e-02  6.090897e-03  7.914939e-04  7.746919e-05 -5.160960e-05  1.405706e+02
  6  1.024401e+00  1.021573e+00  1.395211e-03 -1.485658e-01 -1.613843e-01  2.773560e-01  4.120561e-02  4.476092e-02 -2.961927e-03  1.775526e+02
  7  1.015339e+00  1.015766e+00  2.535345e-04 -2.767790e+00 -1.773560e+00  3.273983e-03  9.061697e-03  5.806605e-03 -1.141677e-03  1.676391e+02
  8  1.015478e+00  1.015536e+00  2.398918e-04  5.209135e-02 -8.709435e-02  2.651867e-03  1.381394e-04  2.309627e-04 -1.364272e-05  1.041179e+02
  9  1.003722e+00  1.004410e+00  6.120047e-05 -1.679339e-02 -1.589317e-02  7.000000e-01  1.175537e-02  1.112522e-02 -1.786914e-04  1.784028e+02
 10  1.000336e+00  1.000320e+00  1.392213e-07 -9.969928e-01 -1.204358e+00  3.396172e-03  3.385959e-03  4.090207e-03 -6.106125e-05  1.746182e+02
 11  1.000326e+00  1.000328e+00  1.068715e-07 -3.916608e-03  3.220900e-03  2.516148e-03  9.854766e-06  8.104262e-06 -3.234981e-08  9.556710e+01
 12  1.000097e+00  1.000096e+00  9.550123e-09 -3.273722e-04 -3.312902e-04  7.000000e-01  2.291605e-04  2.319031e-04 -9.732139e-08  1.796592e+02
 13  1.000095e+00  1.000096e+00  9.123595e-09 -6.629173e-04 -9.115462e-05  3.588064e-03  2.378590e-06  3.270686e-07 -4.265279e-10  1.428293e+02
 14  1.000095e+00  1.000094e+00  8.950300e-09 -4.276812e-05 -2.300602e-04  7.026881e-03  3.005265e-07  1.616606e-06 -1.732948e-10  1.455310e+02
 15  1.000085e+00  1.000088e+00  7.963242e-09 -2.759868e-04 -1.914854e-04  3.534285e-02  9.754160e-06  6.767640e-06 -9.870576e-10  1.697536e+02
 16  1.000080e+00  1.000079e+00  6.537793e-09 -7.280489e-04 -1.325984e-03  6.267932e-03  4.563361e-06  8.311180e-06 -1.425449e-09  1.637695e+02
 17  1.000079e+00  1.000080e+00  6.276326e-09 -4.084580e-04  9.988642e-05  3.170692e-03  1.295094e-06  3.167090e-07 -2.614675e-10  1.212583e+02
 18  1.000076e+00  1.000075e+00  5.951206e-09 -7.046117e-05 -1.172624e-04  3.809759e-02  2.684400e-06  4.467413e-06 -3.251200e-10  1.660010e+02
 19  1.000033e+00  1.000036e+00  2.136919e-09 -1.131067e-03 -1.016465e-03  3.835571e-02  4.338289e-05  3.898722e-05 -3.814287e-09  1.769452e+02
 20  1.000033e+00  1.000034e+00  1.120159e-09  2.107406e-04 -9.845431e-04  2.667291e-03  5.621066e-07  2.626063e-06 -1.016760e-09  1.229182e+02
 21  1.000033e+00  1.000033e+00  1.104338e-09 -5.446593e-05 -1.488718e-05  9.955582e-03  5.422401e-07  1.482105e-07 -1.582088e-11  1.502872e+02
 22  1.000004e+00  1.000003e+00  9.489588e-11 -1.259625e-04 -1.318044e-04  2.288205e-01  2.882279e-05  3.015955e-05 -1.009442e-09  1.787017e+02
 23  1.000003e+00  1.000003e+00  8.899759e-12 -4.329464e-04 -8.275943e-05  2.628125e-03  1.137837e-06  2.175021e-07 -8.599612e-11  1.458218e+02
 24  1.000003e+00  1.000003e+00  8.795947e-12  1.275828e-06 -7.344697e-06  3.737154e-03  4.767965e-09  2.744827e-08 -1.038117e-13  1.251456e+02

  k             x             y       f(x, y)            Sx            Sy        lambda |xk - x(k-1)| |yk - y(k-1)| |fk - f(k-1)|         angle
  1 -2.472558e+00  6.120942e+00  1.206413e+01  7.980000e+02 -2.000000e+02 -5.604710e-03  4.472558e+00  1.120942e+00 -8.893587e+01  1.260663e+02
  2 -2.472951e+00  6.119361e+00  1.206289e+01 -3.680451e-01 -1.480108e+00  1.067865e-03  3.930227e-04  1.580557e-03 -1.242068e-03  1.440314e+02
  3 -2.324467e+00  5.386345e+00  1.108031e+01  1.484844e+00 -7.330165e+00  1.000000e-01  1.484844e-01  7.330165e-01 -9.825800e-01  1.681087e+02
  4 -2.314589e+00  5.368898e+00  1.099990e+01  3.573745e+01 -6.311827e+01  2.764123e-04  9.878271e-03  1.744667e-02 -8.040944e-02  1.738029e+02
  5 -2.315592e+00  5.368241e+00  1.099709e+01 -3.939464e+00 -2.580425e+00  2.547985e-04  1.003770e-03  6.574884e-04 -2.814174e-03  9.989260e+01
  6 -2.288919e+00  5.272467e+00  1.092798e+01  4.222323e-01 -1.516083e+00  6.317208e-02  2.667330e-02  9.577411e-02 -6.910546e-02  1.720957e+02
  7 -2.064884e+00  4.212710e+00  9.653973e+00  8.122365e+01 -3.842130e+02  2.758254e-03  2.240354e-01  1.059757e+00 -1.274010e+00  1.658247e+02
  8 -2.050995e+00  4.213870e+00  9.313884e+00  4.956521e+01  4.139586e+00  2.802133e-04  1.388883e-02  1.159967e-03 -3.400889e-01  1.111792e+02
  9 -2.048096e+00  4.188265e+00  9.295031e+00  1.646328e-01 -1.454301e+00  1.760653e-02  2.898613e-03  2.560521e-02 -1.885272e-02  1.603996e+02
 10 -1.810963e+00  3.219130e+00  8.267020e+00  2.142542e+01 -8.756303e+01  1.106785e-02  2.371334e-01  9.691348e-01 -1.028011e+00  1.643888e+02
 11  1.511421e+00  2.285942e+00  2.617914e-01  5.624005e+01 -1.579664e+01  5.907506e-02  3.322384e+00  9.331873e-01 -8.005229e+00  7.221701e+01
 12  1.502896e+00  2.254934e+00  2.543187e-01 -8.525634e-02 -3.100819e-01  1.000000e-01  8.525634e-03  3.100819e-02 -7.472660e-03  1.616903e+02
 13  1.126970e+00  1.266675e+00  1.726823e-02 -1.253147e+01 -3.294360e+01  2.999852e-02  3.759256e-01  9.882592e-01 -2.370505e-01  1.591667e+02
 14  1.125464e+00  1.267157e+00  1.576496e-02 -1.817145e+00  5.810674e-01  8.289491e-04  1.506321e-03  4.816753e-04 -1.503272e-03  1.138782e+02
 15  1.116683e+00  1.244049e+00  1.447380e-02 -3.645617e-02 -9.593406e-02  2.408664e-01  8.781066e-03  2.310729e-02 -1.291162e-03  1.588957e+02
 16  1.053551e+00  1.104659e+00  5.688254e-03 -1.096706e+01 -2.421455e+01  5.756489e-03  6.313178e-02  1.393908e-01 -8.785547e-03  1.607229e+02
 17  1.051294e+00  1.105428e+00  2.635454e-03 -2.448093e+00  8.350402e-01  9.219927e-04  2.257124e-03  7.699010e-04 -3.052800e-03  1.147277e+02
 18  1.049886e+00  1.101522e+00  2.543186e-03 -1.503941e-02 -4.173511e-02  9.360513e-02  1.407766e-03  3.906620e-03 -9.226852e-05  1.561917e+02
 19  1.010618e+00  1.019669e+00  3.947778e-04 -1.861528e+00 -3.880277e+00  2.109464e-02  3.926825e-02  8.185304e-02 -2.148408e-03  1.608844e+02
 20  1.009868e+00  1.019875e+00  9.755314e-05 -7.607361e-01  2.095547e-01  9.861393e-04  7.501918e-04  2.066501e-04 -2.972246e-04  1.193166e+02

  k             x             y       f(x, y)            Sx            Sy        lambda |xk - x(k-1)| |yk - y(k-1)| |fk - f(k-1)|         angle
  1 -2.472558e+00  6.120942e+00  1.206413e+01  7.980000e+02 -2.000000e+02 -5.604710e-03  4.472558e+00  1.120942e+00 -8.893587e+01  1.260663e+02
  2 -2.472951e+00  6.119361e+00  1.206289e+01 -3.680451e-01 -1.480108e+00  1.067865e-03  3.930227e-04  1.580557e-03 -1.242068e-03  1.440314e+02
  3 -2.324467e+00  5.386345e+00  1.108031e+01  1.484844e+00 -7.330165e+00  1.000000e-01  1.484844e-01  7.330165e-01 -9.825800e-01  1.681087e+02
  4 -2.314589e+00  5.368898e+00  1.099990e+01  3.573745e+01 -6.311827e+01  2.764123e-04  9.878271e-03  1.744667e-02 -8.040944e-02  1.738029e+02
  5 -2.315592e+00  5.368241e+00  1.099709e+01 -3.939464e+00 -2.580425e+00  2.547985e-04  1.003770e-03  6.574884e-04 -2.814174e-03  9.989260e+01
  6 -2.288919e+00  5.272467e+00  1.092798e+01  4.222323e-01 -1.516083e+00  6.317208e-02  2.667330e-02  9.577411e-02 -6.910546e-02  1.720957e+02
  7 -2.064884e+00  4.212710e+00  9.653973e+00  8.122365e+01 -3.842130e+02  2.758254e-03  2.240354e-01  1.059757e+00 -1.274010e+00  1.658247e+02
  8 -2.050995e+00  4.213870e+00  9.313884e+00  4.956521e+01  4.139586e+00  2.802133e-04  1.388883e-02  1.159967e-03 -3.400889e-01  1.111792e+02
  9 -2.048096e+00  4.188265e+00  9.295031e+00  1.646328e-01 -1.454301e+00  1.760653e-02  2.898613e-03  2.560521e-02 -1.885272e-02  1.603996e+02
 10 -1.810963e+00  3.219130e+00  8.267020e+00  2.142542e+01 -8.756303e+01  1.106785e-02  2.371334e-01  9.691348e-01 -1.028011e+00  1.643888e+02
 11  1.511421e+00  2.285942e+00  2.617914e-01  5.624005e+01 -1.579664e+01  5.907506e-02  3.322384e+00  9.331873e-01 -8.005229e+00  7.221701e+01
 12  1.502896e+00  2.254934e+00  2.543187e-01 -8.525634e-02 -3.100819e-01  1.000000e-01  8.525634e-03  3.100819e-02 -7.472660e-03  1.616903e+02
 13  1.126970e+00  1.266675e+00  1.726823e-02 -1.253147e+01 -3.294360e+01  2.999852e-02  3.759256e-01  9.882592e-01 -2.370505e-01  1.591667e+02
 14  1.125464e+00  1.267157e+00  1.576496e-02 -1.817145e+00  5.810674e-01  8.289491e-04  1.506321e-03  4.816753e-04 -1.503272e-03  1.138782e+02
 15  1.116683e+00  1.244049e+00  1.447380e-02 -3.645617e-02 -9.593406e-02  2.408664e-01  8.781066e-03  2.310729e-02 -1.291162e-03  1.588957e+02
 16  1.053551e+00  1.104659e+00  5.688254e-03 -1.096706e+01 -2.421455e+01  5.756489e-03  6.313178e-02  1.393908e-01 -8.785547e-03  1.607229e+02
 17  1.051294e+00  1.105428e+00  2.635454e-03 -2.448093e+00  8.350402e-01  9.219927e-04  2.257124e-03  7.699010e-04 -3.052800e-03  1.147277e+02
 18  1.049886e+00  1.101522e+00  2.543186e-03 -1.503941e-02 -4.173511e-02  9.360513e-02  1.407766e-03  3.906620e-03 -9.226852e-05  1.561917e+02
 19  1.010618e+00  1.019669e+00  3.947778e-04 -1.861528e+00 -3.880277e+00  2.109464e-02  3.926825e-02  8.185304e-02 -2.148408e-03  1.608844e+02
 20  1.009868e+00  1.019875e+00  9.755314e-05 -7.607361e-01  2.095547e-01  9.861393e-04  7.501918e-04  2.066501e-04 -2.972246e-04  1.193166e+02
 21  1.009792e+00  1.019612e+00  9.633274e-05 -2.465708e-03 -8.571665e-03  3.068362e-02  7.565685e-05  2.630097e-04 -1.220397e-06  1.513256e+02
 22  1.000081e+00  1.000086e+00  5.890250e-07 -1.200280e-01 -2.413534e-01  8.090300e-02  9.710622e-03  1.952622e-02 -9.574372e-05  1.614419e+02
 23  1.000049e+00  1.000098e+00  2.373271e-09 -3.263258e-02  1.136043e-02  9.986170e-04  3.258745e-05  1.134471e-05 -5.866517e-07  1.158040e+02

  k             x             y       f(x, y)            Sx            Sy        lambda |xk - x(k-1)| |yk - y(k-1)| |fk - f(k-1)|         angle
  1 -2.472558e+00  6.120942e+00  1.206413e+01  7.980000e+02 -2.000000e+02 -5.604710e-03  4.472558e+00  1.120942e+00 -8.893587e+01  1.260663e+02
  2 -2.472951e+00  6.119361e+00  1.206289e+01 -3.680451e-01 -1.480108e+00  1.067865e-03  3.930227e-04  1.580557e-03 -1.242068e-03  1.440314e+02
  3 -2.324467e+00  5.386345e+00  1.108031e+01  1.484844e+00 -7.330165e+00  1.000000e-01  1.484844e-01  7.330165e-01 -9.825800e-01  1.681087e+02
  4 -2.314589e+00  5.368898e+00  1.099990e+01  3.573745e+01 -6.311827e+01  2.764123e-04  9.878271e-03  1.744667e-02 -8.040944e-02  1.738029e+02
  5 -2.315592e+00  5.368241e+00  1.099709e+01 -3.939464e+00 -2.580425e+00  2.547985e-04  1.003770e-03  6.574884e-04 -2.814174e-03  9.989260e+01
  6 -2.288919e+00  5.272467e+00  1.092798e+01  4.222323e-01 -1.516083e+00  6.317208e-02  2.667330e-02  9.577411e-02 -6.910546e-02  1.720957e+02
  7 -2.064884e+00  4.212710e+00  9.653973e+00  8.122365e+01 -3.842130e+02  2.758254e-03  2.240354e-01  1.059757e+00 -1.274010e+00  1.658247e+02
  8 -2.050995e+00  4.213870e+00  9.313884e+00  4.956521e+01  4.139586e+00  2.802133e-04  1.388883e-02  1.159967e-03 -3.400889e-01  1.111792e+02
  9 -2.048096e+00  4.188265e+00  9.295031e+00  1.646328e-01 -1.454301e+00  1.760653e-02  2.898613e-03  2.560521e-02 -1.885272e-02  1.603996e+02
 10 -1.810963e+00  3.219130e+00  8.267020e+00  2.142542e+01 -8.756303e+01  1.106785e-02  2.371334e-01  9.691348e-01 -1.028011e+00  1.643888e+02
 11  1.511421e+00  2.285942e+00  2.617914e-01  5.624005e+01 -1.579664e+01  5.907506e-02  3.322384e+00  9.331873e-01 -8.005229e+00  7.221701e+01
 12  1.502896e+00  2.254934e+00  2.543187e-01 -8.525634e-02 -3.100819e-01  1.000000e-01  8.525634e-03  3.100819e-02 -7.472660e-03  1.616903e+02
 13  1.126970e+00  1.266675e+00  1.726823e-02 -1.253147e+01 -3.294360e+01  2.999852e-02  3.759256e-01  9.882592e-01 -2.370505e-01  1.591667e+02
 14  1.125464e+00  1.267157e+00  1.576496e-02 -1.817145e+00  5.810674e-01  8.289491e-04  1.506321e-03  4.816753e-04 -1.503272e-03  1.138782e+02
 15  1.116683e+00  1.244049e+00  1.447380e-02 -3.645617e-02 -9.593406e-02  2.408664e-01  8.781066e-03  2.310729e-02 -1.291162e-03  1.588957e+02
 16  1.053551e+00  1.104659e+00  5.688254e-03 -1.096706e+01 -2.421455e+01  5.756489e-03  6.313178e-02  1.393908e-01 -8.785547e-03  1.607229e+02
 17  1.051294e+00  1.105428e+00  2.635454e-03 -2.448093e+00  8.350402e-01  9.219927e-04  2.257124e-03  7.699010e-04 -3.052800e-03  1.147277e+02
 18  1.049886e+00  1.101522e+00  2.543186e-03 -1.503941e-02 -4.173511e-02  9.360513e-02  1.407766e-03  3.906620e-03 -9.226852e-05  1.561917e+02
 19  1.010618e+00  1.019669e+00  3.947778e-04 -1.861528e+00 -3.880277e+00  2.109464e-02  3.926825e-02  8.185304e-02 -2.148408e-03  1.608844e+02
 20  1.009868e+00  1.019875e+00  9.755314e-05 -7.607361e-01  2.095547e-01  9.861393e-04  7.501918e-04  2.066501e-04 -2.972246e-04  1.193166e+02
 21  1.009792e+00  1.019612e+00  9.633274e-05 -2.465708e-03 -8.571665e-03  3.068362e-02  7.565685e-05  2.630097e-04 -1.220397e-06  1.513256e+02
 22  1.000081e+00  1.000086e+00  5.890250e-07 -1.200280e-01 -2.413534e-01  8.090300e-02  9.710622e-03  1.952622e-02 -9.574372e-05  1.614419e+02
 23  1.000049e+00  1.000098e+00  2.373271e-09 -3.263258e-02  1.136043e-02  9.986170e-04  3.258745e-05  1.134471e-05 -5.866517e-07  1.158040e+02
 24  1.000048e+00  1.000095e+00  2.314358e-09 -1.448372e-05 -4.143624e-05  6.115430e-02  8.857419e-07  2.534004e-06 -5.891304e-11  1.542680e+02

  k             x             y       f(x, y)            Sx            Sy        lambda |xk - x(k-1)| |yk - y(k-1)| |fk - f(k-1)|         angle
  1 -2.472558e+00  6.120942e+00  1.206413e+01  7.980000e+02 -2.000000e+02 -5.604710e-03  4.472558e+00  1.120942e+00 -8.893587e+01  1.260663e+02
  2 -2.472951e+00  6.119361e+00  1.206289e+01 -3.680451e-01 -1.480108e+00  1.067865e-03  3.930227e-04  1.580557e-03 -1.242068e-03  1.440314e+02
  3 -2.324467e+00  5.386345e+00  1.108031e+01  1.484844e+00 -7.330165e+00  1.000000e-01  1.484844e-01  7.330165e-01 -9.825800e-01  1.681087e+02
  4 -2.314589e+00  5.368898e+00  1.099990e+01  3.573745e+01 -6.311827e+01  2.764123e-04  9.878271e-03  1.744667e-02 -8.040944e-02  1.738029e+02
  5 -2.315592e+00  5.368241e+00  1.099709e+01 -3.939464e+00 -2.580425e+00  2.547985e-04  1.003770e-03  6.574884e-04 -2.814174e-03  9.989260e+01
  6 -2.288919e+00  5.272467e+00  1.092798e+01  4.222323e-01 -1.516083e+00  6.317208e-02  2.667330e-02  9.577411e-02 -6.910546e-02  1.720957e+02
  7 -2.064884e+00  4.212710e+00  9.653973e+00  8.122365e+01 -3.842130e+02  2.758254e-03  2.240354e-01  1.059757e+00 -1.274010e+00  1.658247e+02
  8 -2.050995e+00  4.213870e+00  9.313884e+00  4.956521e+01  4.139586e+00  2.802133e-04  1.388883e-02  1.159967e-03 -3.400889e-01  1.111792e+02
  9 -2.048096e+00  4.188265e+00  9.295031e+00  1.646328e-01 -1.454301e+00  1.760653e-02  2.898613e-03  2.560521e-02 -1.885272e-02  1.603996e+02
 10 -1.810963e+00  3.219130e+00  8.267020e+00  2.142542e+01 -8.756303e+01  1.106785e-02  2.371334e-01  9.691348e-01 -1.028011e+00  1.643888e+02
 11  1.511421e+00  2.285942e+00  2.617914e-01  5.624005e+01 -1.579664e+01  5.907506e-02  3.322384e+00  9.331873e-01 -8.005229e+00  7.221701e+01
 12  1.502896e+00  2.254934e+00  2.543187e-01 -8.525634e-02 -3.100819e-01  1.000000e-01  8.525634e-03  3.100819e-02 -7.472660e-03  1.616903e+02
 13  1.126970e+00  1.266675e+00  1.726823e-02 -1.253147e+01 -3.294360e+01  2.999852e-02  3.759256e-01  9.882592e-01 -2.370505e-01  1.591667e+02
 14  1.125464e+00  1.267157e+00  1.576496e-02 -1.817145e+00  5.810674e-01  8.289491e-04  1.506321e-03  4.816753e-04 -1.503272e-03  1.138782e+02
 15  1.116683e+00  1.244049e+00  1.447380e-02 -3.645617e-02 -9.593406e-02  2.408664e-01  8.781066e-03  2.310729e-02 -1.291162e-03  1.588957e+02
 16  1.053551e+00  1.104659e+00  5.688254e-03 -1.096706e+01 -2.421455e+01  5.756489e-03  6.313178e-02  1.393908e-01 -8.785547e-03  1.607229e+02
 17  1.051294e+00  1.105428e+00  2.635454e-03 -2.448093e+00  8.350402e-01  9.219927e-04  2.257124e-03  7.699010e-04 -3.052800e-03  1.147277e+02
 18  1.049886e+00  1.101522e+00  2.543186e-03 -1.503941e-02 -4.173511e-02  9.360513e-02  1.407766e-03  3.906620e-03 -9.226852e-05  1.561917e+02
 19  1.010618e+00  1.019669e+00  3.947778e-04 -1.861528e+00 -3.880277e+00  2.109464e-02  3.926825e-02  8.185304e-02 -2.148408e-03  1.608844e+02
 20  1.009868e+00  1.019875e+00  9.755314e-05 -7.607361e-01  2.095547e-01  9.861393e-04  7.501918e-04  2.066501e-04 -2.972246e-04  1.193166e+02
 21  1.009792e+00  1.019612e+00  9.633274e-05 -2.465708e-03 -8.571665e-03  3.068362e-02  7.565685e-05  2.630097e-04 -1.220397e-06  1.513256e+02
 22  1.000081e+00  1.000086e+00  5.890250e-07 -1.200280e-01 -2.413534e-01  8.090300e-02  9.710622e-03  1.952622e-02 -9.574372e-05  1.614419e+02
 23  1.000049e+00  1.000098e+00  2.373271e-09 -3.263258e-02  1.136043e-02  9.986170e-04  3.258745e-05  1.134471e-05 -5.866517e-07  1.158040e+02
 24  1.000048e+00  1.000095e+00  2.314358e-09 -1.448372e-05 -4.143624e-05  6.115430e-02  8.857419e-07  2.534004e-06 -5.891304e-11  1.542680e+02
 25  1.000000e+00  1.000000e+00  4.662083e-16 -1.168812e-03 -2.324048e-03  4.088243e-02  4.778389e-05  9.501275e-05 -2.314358e-09  1.616988e+02

  k             x             y       f(x, y)            Sx            Sy        lambda |xk - x(k-1)| |yk - y(k-1)| |fk - f(k-1)|         angle
  1 -2.472558e+00  6.120942e+00  1.206413e+01  7.980000e+02 -2.000000e+02 -5.604710e-03  4.472558e+00  1.120942e+00 -8.893587e+01  1.260663e+02
  2 -2.472951e+00  6.119361e+00  1.206289e+01 -3.680451e-01 -1.480108e+00  1.067865e-03  3.930227e-04  1.580557e-03 -1.242068e-03  1.440314e+02
  3 -2.324467e+00  5.386345e+00  1.108031e+01  1.484844e+00 -7.330165e+00  1.000000e-01  1.484844e-01  7.330165e-01 -9.825800e-01  1.681087e+02
  4 -2.314589e+00  5.368898e+00  1.099990e+01  3.573745e+01 -6.311827e+01  2.764123e-04  9.878271e-03  1.744667e-02 -8.040944e-02  1.738029e+02
  5 -2.315592e+00  5.368241e+00  1.099709e+01 -3.939464e+00 -2.580425e+00  2.547985e-04  1.003770e-03  6.574884e-04 -2.814174e-03  9.989260e+01
  6 -2.288919e+00  5.272467e+00  1.092798e+01  4.222323e-01 -1.516083e+00  6.317208e-02  2.667330e-02  9.577411e-02 -6.910546e-02  1.720957e+02
  7 -2.064884e+00  4.212710e+00  9.653973e+00  8.122365e+01 -3.842130e+02  2.758254e-03  2.240354e-01  1.059757e+00 -1.274010e+00  1.658247e+02
  8 -2.050995e+00  4.213870e+00  9.313884e+00  4.956521e+01  4.139586e+00  2.802133e-04  1.388883e-02  1.159967e-03 -3.400889e-01  1.111792e+02
  9 -2.048096e+00  4.188265e+00  9.295031e+00  1.646328e-01 -1.454301e+00  1.760653e-02  2.898613e-03  2.560521e-02 -1.885272e-02  1.603996e+02
 10 -1.810963e+00  3.219130e+00  8.267020e+00  2.142542e+01 -8.756303e+01  1.106785e-02  2.371334e-01  9.691348e-01 -1.028011e+00  1.643888e+02
 11  1.511421e+00  2.285942e+00  2.617914e-01  5.624005e+01 -1.579664e+01  5.907506e-02  3.322384e+00  9.331873e-01 -8.005229e+00  7.221701e+01
 12  1.502896e+00  2.254934e+00  2.543187e-01 -8.525634e-02 -3.100819e-01  1.000000e-01  8.525634e-03  3.100819e-02 -7.472660e-03  1.616903e+02
 13  1.126970e+00  1.266675e+00  1.726823e-02 -1.253147e+01 -3.294360e+01  2.999852e-02  3.759256e-01  9.882592e-01 -2.370505e-01  1.591667e+02
 14  1.125464e+00  1.267157e+00  1.576496e-02 -1.817145e+00  5.810674e-01  8.289491e-04  1.506321e-03  4.816753e-04 -1.503272e-03  1.138782e+02
 15  1.116683e+00  1.244049e+00  1.447380e-02 -3.645617e-02 -9.593406e-02  2.408664e-01  8.781066e-03  2.310729e-02 -1.291162e-03  1.588957e+02
 16  1.053551e+00  1.104659e+00  5.688254e-03 -1.096706e+01 -2.421455e+01  5.756489e-03  6.313178e-02  1.393908e-01 -8.785547e-03  1.607229e+02
 17  1.051294e+00  1.105428e+00  2.635454e-03 -2.448093e+00  8.350402e-01  9.219927e-04  2.257124e-03  7.699010e-04 -3.052800e-03  1.147277e+02
 18  1.049886e+00  1.101522e+00  2.543186e-03 -1.503941e-02 -4.173511e-02  9.360513e-02  1.407766e-03  3.906620e-03 -9.226852e-05  1.561917e+02
 19  1.010618e+00  1.019669e+00  3.947778e-04 -1.861528e+00 -3.880277e+00  2.109464e-02  3.926825e-02  8.185304e-02 -2.148408e-03  1.608844e+02
 20  1.009868e+00  1.019875e+00  9.755314e-05 -7.607361e-01  2.095547e-01  9.861393e-04  7.501918e-04  2.066501e-04 -2.972246e-04  1.193166e+02
 21  1.009792e+00  1.019612e+00  9.633274e-05 -2.465708e-03 -8.571665e-03  3.068362e-02  7.565685e-05  2.630097e-04 -1.220397e-06  1.513256e+02
 22  1.000081e+00  1.000086e+00  5.890250e-07 -1.200280e-01 -2.413534e-01  8.090300e-02  9.710622e-03  1.952622e-02 -9.574372e-05  1.614419e+02
 23  1.000049e+00  1.000098e+00  2.373271e-09 -3.263258e-02  1.136043e-02  9.986170e-04  3.258745e-05  1.134471e-05 -5.866517e-07  1.158040e+02
 24  1.000048e+00  1.000095e+00  2.314358e-09 -1.448372e-05 -4.143624e-05  6.115430e-02  8.857419e-07  2.534004e-06 -5.891304e-11  1.542680e+02
 25  1.000000e+00  1.000000e+00  4.662083e-16 -1.168812e-03 -2.324048e-03  4.088243e-02  4.778389e-05  9.501275e-05 -2.314358e-09  1.616988e+02
 26  1.000000e+00  1.000000e+00  1.119528e-17  8.527624e-07 -4.292648e-07  9.984219e-04  8.514165e-10  4.285874e-10 -4.550130e-16  7.171984e+01

  k             x             y       f(x, y)            Sx            Sy        lambda |xk - x(k-1)| |yk - y(k-1)| |fk - f(k-1)|         angle
  1  9.523311e-01  2.899709e+00 -2.400372e+00 -1.662967e-01 -3.333796e-01  6.300000e+00  1.047669e+00  2.100291e+00 -1.400372e+00  1.716704e+02
  2  6.979709e-01  1.971226e+00 -3.102095e+00 -8.478672e-01 -3.094942e+00  3.000000e-01  2.543601e-01  9.284826e-01 -7.017233e-01  1.758224e+02
  3  1.010655e+00  1.529987e+00 -3.685238e+00  1.042280e+00 -1.470798e+00  3.000000e-01  3.126840e-01  4.412393e-01 -5.831430e-01  1.112294e+02
  4  1.082591e+00  1.294652e+00 -3.787272e+00  2.397858e-01 -7.844486e-01  3.000000e-01  7.193574e-02  2.353346e-01 -1.020340e-01  1.231005e+02
  5  1.010404e+00  1.141938e+00 -3.824544e+00 -2.406222e-01 -5.090479e-01  3.000000e-01  7.218665e-02  1.527144e-01 -3.727154e-02  1.637968e+02
  6  1.032269e+00  1.115985e+00 -3.826555e+00  8.325218e-02 -9.881729e-02  2.626331e-01  2.186478e-02  2.595269e-02 -2.010949e-03  9.711799e+01
  7  1.024922e+00  1.101624e+00 -3.827020e+00 -2.448860e-02 -4.787219e-02  3.000000e-01  7.346580e-03  1.436166e-02 -4.649681e-04  1.641573e+02
  8  1.026247e+00  1.097472e+00 -3.827053e+00  4.414476e-03 -1.383865e-02  3.000000e-01  1.324343e-03  4.151596e-03 -3.348234e-05  1.192284e+02
  9  1.025326e+00  1.094263e+00 -3.827064e+00 -1.811752e-03 -6.313590e-03  5.082017e-01  9.207356e-04  3.208577e-03 -1.053416e-05  1.528742e+02
 10  1.025353e+00  1.094255e+00 -3.827064e+00  2.529677e-03 -8.171541e-04  1.061417e-02  2.685041e-05  8.673410e-06 -2.254141e-09  6.476372e+01

  k             x             y       f(x, y)            Sx            Sy        lambda |xk - x(k-1)| |yk - y(k-1)| |fk - f(k-1)|         angle
  1  9.523311e-01  2.899709e+00 -2.400372e+00 -1.662967e-01 -3.333796e-01  6.300000e+00  1.047669e+00  2.100291e+00 -1.400372e+00  1.716704e+02
  2  6.979709e-01  1.971226e+00 -3.102095e+00 -8.478672e-01 -3.094942e+00  3.000000e-01  2.543601e-01  9.284826e-01 -7.017233e-01  1.758224e+02
  3  1.010655e+00  1.529987e+00 -3.685238e+00  1.042280e+00 -1.470798e+00  3.000000e-01  3.126840e-01  4.412393e-01 -5.831430e-01  1.112294e+02
  4  1.082591e+00  1.294652e+00 -3.787272e+00  2.397858e-01 -7.844486e-01  3.000000e-01  7.193574e-02  2.353346e-01 -1.020340e-01  1.231005e+02
  5  1.010404e+00  1.141938e+00 -3.824544e+00 -2.406222e-01 -5.090479e-01  3.000000e-01  7.218665e-02  1.527144e-01 -3.727154e-02  1.637968e+02
  6  1.032269e+00  1.115985e+00 -3.826555e+00  8.325218e-02 -9.881729e-02  2.626331e-01  2.186478e-02  2.595269e-02 -2.010949e-03  9.711799e+01
  7  1.024922e+00  1.101624e+00 -3.827020e+00 -2.448860e-02 -4.787219e-02  3.000000e-01  7.346580e-03  1.436166e-02 -4.649681e-04  1.641573e+02
  8  1.026247e+00  1.097472e+00 -3.827053e+00  4.414476e-03 -1.383865e-02  3.000000e-01  1.324343e-03  4.151596e-03 -3.348234e-05  1.192284e+02
  9  1.025326e+00  1.094263e+00 -3.827064e+00 -1.811752e-03 -6.313590e-03  5.082017e-01  9.207356e-04  3.208577e-03 -1.053416e-05  1.528742e+02
 10  1.025353e+00  1.094255e+00 -3.827064e+00  2.529677e-03 -8.171541e-04  1.061417e-02  2.685041e-05  8.673410e-06 -2.254141e-09  6.476372e+01

  k             x             y       f(x, y)            Sx            Sy        lambda |xk - x(k-1)| |yk - y(k-1)| |fk - f(k-1)|         angle
  1  9.523311e-01  2.899709e+00 -2.400372e+00 -1.662967e-01 -3.333796e-01  6.300000e+00  1.047669e+00  2.100291e+00 -1.400372e+00  1.716704e+02
  2  6.979709e-01  1.971226e+00 -3.102095e+00 -8.478672e-01 -3.094942e+00  3.000000e-01  2.543601e-01  9.284826e-01 -7.017233e-01  1.758224e+02
  3  1.010655e+00  1.529987e+00 -3.685238e+00  1.042280e+00 -1.470798e+00  3.000000e-01  3.126840e-01  4.412393e-01 -5.831430e-01  1.112294e+02
  4  1.082591e+00  1.294652e+00 -3.787272e+00  2.397858e-01 -7.844486e-01  3.000000e-01  7.193574e-02  2.353346e-01 -1.020340e-01  1.231005e+02
  5  1.010404e+00  1.141938e+00 -3.824544e+00 -2.406222e-01 -5.090479e-01  3.000000e-01  7.218665e-02  1.527144e-01 -3.727154e-02  1.637968e+02
  6  1.032269e+00  1.115985e+00 -3.826555e+00  8.325218e-02 -9.881729e-02  2.626331e-01  2.186478e-02  2.595269e-02 -2.010949e-03  9.711799e+01
  7  1.024922e+00  1.101624e+00 -3.827020e+00 -2.448860e-02 -4.787219e-02  3.000000e-01  7.346580e-03  1.436166e-02 -4.649681e-04  1.641573e+02
  8  1.026247e+00  1.097472e+00 -3.827053e+00  4.414476e-03 -1.383865e-02  3.000000e-01  1.324343e-03  4.151596e-03 -3.348234e-05  1.192284e+02
  9  1.025326e+00  1.094263e+00 -3.827064e+00 -1.811752e-03 -6.313590e-03  5.082017e-01  9.207356e-04  3.208577e-03 -1.053416e-05  1.528742e+02
 10  1.025353e+00  1.094255e+00 -3.827064e+00  2.529677e-03 -8.171541e-04  1.061417e-02  2.685041e-05  8.673410e-06 -2.254141e-09  6.476372e+01
 11  1.025351e+00  1.094255e+00 -3.827064e+00  5.462040e-03 -4.377200e-04 -2.097736e-04  1.145792e-06  9.182211e-08 -4.062528e-12  5.144370e+01

  k             x             y       f(x, y)            Sx            Sy        lambda |xk - x(k-1)| |yk - y(k-1)| |fk - f(k-1)|         angle
  1  9.523311e-01  2.899709e+00 -2.400372e+00 -1.662967e-01 -3.333796e-01  6.300000e+00  1.047669e+00  2.100291e+00 -1.400372e+00  1.716704e+02
  2  6.979709e-01  1.971226e+00 -3.102095e+00 -8.478672e-01 -3.094942e+00  3.000000e-01  2.543601e-01  9.284826e-01 -7.017233e-01  1.758224e+02
  3  1.010655e+00  1.529987e+00 -3.685238e+00  1.042280e+00 -1.470798e+00  3.000000e-01  3.126840e-01  4.412393e-01 -5.831430e-01  1.112294e+02
  4  1.082591e+00  1.294652e+00 -3.787272e+00  2.397858e-01 -7.844486e-01  3.000000e-01  7.193574e-02  2.353346e-01 -1.020340e-01  1.231005e+02
  5  1.010404e+00  1.141938e+00 -3.824544e+00 -2.406222e-01 -5.090479e-01  3.000000e-01  7.218665e-02  1.527144e-01 -3.727154e-02  1.637968e+02
  6  1.032269e+00  1.115985e+00 -3.826555e+00  8.325218e-02 -9.881729e-02  2.626331e-01  2.186478e-02  2.595269e-02 -2.010949e-03  9.711799e+01
  7  1.024922e+00  1.101624e+00 -3.827020e+00 -2.448860e-02 -4.787219e-02  3.000000e-01  7.346580e-03  1.436166e-02 -4.649681e-04  1.641573e+02
  8  1.026247e+00  1.097472e+00 -3.827053e+00  4.414476e-03 -1.383865e-02  3.000000e-01  1.324343e-03  4.151596e-03 -3.348234e-05  1.192284e+02
  9  1.025326e+00  1.094263e+00 -3.827064e+00 -1.811752e-03 -6.313590e-03  5.082017e-01  9.207356e-04  3.208577e-03 -1.053416e-05  1.528742e+02
 10  1.025353e+00  1.094255e+00 -3.827064e+00  2.529677e-03 -8.171541e-04  1.061417e-02  2.685041e-05  8.673410e-06 -2.254141e-09  6.476372e+01
 11  1.025351e+00  1.094255e+00 -3.827064e+00  5.462040e-03 -4.377200e-04 -2.097736e-04  1.145792e-06  9.182211e-08 -4.062528e-12  5.144370e+01
 12  1.025351e+00  1.094255e+00 -3.827064e+00  4.130821e-03  3.334310e-04 -1.848620e-04  7.636317e-07  6.163872e-08 -1.831424e-12  4.224713e+01

  k             x             y       f(x, y)            Sx            Sy        lambda |xk - x(k-1)| |yk - y(k-1)| |fk - f(k-1)|         angle
  1  9.523311e-01  2.899709e+00 -2.400372e+00 -1.662967e-01 -3.333796e-01  6.300000e+00  1.047669e+00  2.100291e+00 -1.400372e+00  1.716704e+02
  2  6.979709e-01  1.971226e+00 -3.102095e+00 -8.478672e-01 -3.094942e+00  3.000000e-01  2.543601e-01  9.284826e-01 -7.017233e-01  1.758224e+02
  3  1.010655e+00  1.529987e+00 -3.685238e+00  1.042280e+00 -1.470798e+00  3.000000e-01  3.126840e-01  4.412393e-01 -5.831430e-01  1.112294e+02
  4  1.082591e+00  1.294652e+00 -3.787272e+00  2.397858e-01 -7.844486e-01  3.000000e-01  7.193574e-02  2.353346e-01 -1.020340e-01  1.231005e+02
  5  1.010404e+00  1.141938e+00 -3.824544e+00 -2.406222e-01 -5.090479e-01  3.000000e-01  7.218665e-02  1.527144e-01 -3.727154e-02  1.637968e+02
  6  1.032269e+00  1.115985e+00 -3.826555e+00  8.325218e-02 -9.881729e-02  2.626331e-01  2.186478e-02  2.595269e-02 -2.010949e-03  9.711799e+01
  7  1.024922e+00  1.101624e+00 -3.827020e+00 -2.448860e-02 -4.787219e-02  3.000000e-01  7.346580e-03  1.436166e-02 -4.649681e-04  1.641573e+02
  8  1.026247e+00  1.097472e+00 -3.827053e+00  4.414476e-03 -1.383865e-02  3.000000e-01  1.324343e-03  4.151596e-03 -3.348234e-05  1.192284e+02
  9  1.025326e+00  1.094263e+00 -3.827064e+00 -1.811752e-03 -6.313590e-03  5.082017e-01  9.207356e-04  3.208577e-03 -1.053416e-05  1.528742e+02
 10  1.025353e+00  1.094255e+00 -3.827064e+00  2.529677e-03 -8.171541e-04  1.061417e-02  2.685041e-05  8.673410e-06 -2.254141e-09  6.476372e+01
 11  1.025351e+00  1.094255e+00 -3.827064e+00  5.462040e-03 -4.377200e-04 -2.097736e-04  1.145792e-06  9.182211e-08 -4.062528e-12  5.144370e+01
 12  1.025351e+00  1.094255e+00 -3.827064e+00  4.130821e-03  3.334310e-04 -1.848620e-04  7.636317e-07  6.163872e-08 -1.831424e-12  4.224713e+01
 13  1.025350e+00  1.094255e+00 -3.827064e+00  4.591136e-03  5.948771e-04 -5.458681e-05  2.506155e-07  3.247244e-08 -1.847411e-13  3.947919e+01
 14  1.025350e+00  1.094255e+00 -3.827064e+00  4.391838e-03  6.593777e-04 -2.006000e-05  8.810028e-08  1.322712e-08 -2.620126e-14  3.832347e+01

  k             x             y       f(x, y)            Sx            Sy        lambda |xk - x(k-1)| |yk - y(k-1)| |fk - f(k-1)|         angle           H00           H01           H10           H11
  1  1.300000e+00  2.200000e+00  8.109000e+01 -9.999998e-01 -4.000000e+00  7.000000e-01  6.999999e-01  2.800000e+00 -8.199100e+02  9.026733e+01  2.020000e+02 -2.000000e+02 -2.000000e+02  2.000000e+02
  2  1.090000e+00  1.360000e+00  7.298100e+00 -3.000001e-01 -1.200000e+00  7.000000e-01  2.100001e-01  8.400001e-01 -7.379190e+01  9.025341e+01  2.020000e+02 -2.000000e+02 -2.000000e+02  2.000000e+02
  3  1.027000e+00  1.108000e+00  6.568290e-01 -9.000004e-02 -3.600000e-01  7.000000e-01  6.300003e-02  2.520000e-01 -6.641271e+00  9.024440e+01  2.020000e+02 -2.000000e+02 -2.000000e+02  2.000000e+02
  4  1.008100e+00  1.032400e+00  5.911461e-02 -2.700001e-02 -1.080000e-01  7.000000e-01  1.890001e-02  7.560001e-02 -5.977144e-01  9.024082e+01  2.020000e+02 -2.000000e+02 -2.000000e+02  2.000000e+02
  5  1.002430e+00  1.009720e+00  5.320315e-03 -8.100004e-03 -3.240000e-02  7.000000e-01  5.670003e-03  2.268000e-02 -5.379430e-02  9.023965e+01  2.020000e+02 -2.000000e+02 -2.000000e+02  2.000000e+02
  6  1.000729e+00  1.002916e+00  4.788283e-04 -2.430001e-03 -9.720001e-03  7.000000e-01  1.701001e-03  6.804001e-03 -4.841487e-03  9.023929e+01  2.020000e+02 -2.000000e+02 -2.000000e+02  2.000000e+02
  7  1.000219e+00  1.000875e+00  4.309455e-05 -7.290004e-04 -2.916000e-03  7.000000e-01  5.103002e-04  2.041200e-03 -4.357338e-04  9.023918e+01  2.020000e+02 -2.000000e+02 -2.000000e+02  2.000000e+02
  8  1.000066e+00  1.000262e+00  3.878510e-06 -2.187001e-04 -8.748001e-04  7.000000e-01  1.530901e-04  6.123601e-04 -3.921604e-05  9.023915e+01  2.020000e+02 -2.000000e+02 -2.000000e+02  2.000000e+02

  k             x             y       f(x, y)            Sx            Sy        lambda |xk - x(k-1)| |yk - y(k-1)| |fk - f(k-1)|         angle           H00           H01           H10           H11
  1  1.300000e+00  2.200000e+00  8.109000e+01 -9.999998e-01 -4.000000e+00  7.000000e-01  6.999999e-01  2.800000e+00 -8.199100e+02  9.026733e+01  2.020000e+02 -2.000000e+02 -2.000000e+02  2.000000e+02
  2  1.090000e+00  1.360000e+00  7.298100e+00 -3.000001e-01 -1.200000e+00  7.000000e-01  2.100001e-01  8.400001e-01 -7.379190e+01  9.025341e+01  2.020000e+02 -2.000000e+02 -2.000000e+02  2.000000e+02
  3  1.027000e+00  1.108000e+00  6.568290e-01 -9.000004e-02 -3.600000e-01  7.000000e-01  6.300003e-02  2.520000e-01 -6.641271e+00  9.024440e+01  2.020000e+02 -2.000000e+02 -2.000000e+02  2.000000e+02
  4  1.008100e+00  1.032400e+00  5.911461e-02 -2.700001e-02 -1.080000e-01  7.000000e-01  1.890001e-02  7.560001e-02 -5.977144e-01  9.024082e+01  2.020000e+02 -2.000000e+02 -2.000000e+02  2.000000e+02
  5  1.002430e+00  1.009720e+00  5.320315e-03 -8.100004e-03 -3.240000e-02  7.000000e-01  5.670003e-03  2.268000e-02 -5.379430e-02  9.023965e+01  2.020000e+02 -2.000000e+02 -2.000000e+02  2.000000e+02
  6  1.000729e+00  1.002916e+00  4.788283e-04 -2.430001e-03 -9.720001e-03  7.000000e-01  1.701001e-03  6.804001e-03 -4.841487e-03  9.023929e+01  2.020000e+02 -2.000000e+02 -2.000000e+02  2.000000e+02
  7  1.000219e+00  1.000875e+00  4.309455e-05 -7.290004e-04 -2.916000e-03  7.000000e-01  5.103002e-04  2.041200e-03 -4.357338e-04  9.023918e+01  2.020000e+02 -2.000000e+02 -2.000000e+02  2.000000e+02
  8  1.000066e+00  1.000262e+00  3.878510e-06 -2.187001e-04 -8.748001e-04  7.000000e-01  1.530901e-04  6.123601e-04 -3.921604e-05  9.023915e+01  2.020000e+02 -2.000000e+02 -2.000000e+02  2.000000e+02
  9  1.000020e+00  1.000079e+00  3.490659e-07 -6.561003e-05 -2.624400e-04  7.000000e-01  4.592702e-05  1.837080e-04 -3.529444e-06  9.023914e+01  2.020000e+02 -2.000000e+02 -2.000000e+02  2.000000e+02
 10  1.000006e+00  1.000024e+00  3.141593e-08 -1.968301e-05 -7.873201e-05  7.000000e-01  1.377811e-05  5.511241e-05 -3.176499e-07  9.023913e+01  2.020000e+02 -2.000000e+02 -2.000000e+02  2.000000e+02

  k             x             y       f(x, y)            Sx            Sy        lambda |xk - x(k-1)| |yk - y(k-1)| |fk - f(k-1)|         angle           H00           H01           H10           H11
  1  1.300000e+00  2.200000e+00  8.109000e+01 -9.999998e-01 -4.000000e+00  7.000000e-01  6.999999e-01  2.800000e+00 -8.199100e+02  9.026733e+01  2.020000e+02 -2.000000e+02 -2.000000e+02  2.000000e+02
  2  1.090000e+00  1.360000e+00  7.298100e+00 -3.000001e-01 -1.200000e+00  7.000000e-01  2.100001e-01  8.400001e-01 -7.379190e+01  9.025341e+01  2.020000e+02 -2.000000e+02 -2.000000e+02  2.000000e+02
  3  1.027000e+00  1.108000e+00  6.568290e-01 -9.000004e-02 -3.600000e-01  7.000000e-01  6.300003e-02  2.520000e-01 -6.641271e+00  9.024440e+01  2.020000e+02 -2.000000e+02 -2.000000e+02  2.000000e+02
  4  1.008100e+00  1.032400e+00  5.911461e-02 -2.700001e-02 -1.080000e-01  7.000000e-01  1.890001e-02  7.560001e-02 -5.977144e-01  9.024082e+01  2.020000e+02 -2.000000e+02 -2.000000e+02  2.000000e+02
  5  1.002430e+00  1.009720e+00  5.320315e-03 -8.100004e-03 -3.240000e-02  7.000000e-01  5.670003e-03  2.268000e-02 -5.379430e-02  9.023965e+01  2.020000e+02 -2.000000e+02 -2.000000e+02  2.000000e+02
  6  1.000729e+00  1.002916e+00  4.788283e-04 -2.430001e-03 -9.720001e-03  7.000000e-01  1.701001e-03  6.804001e-03 -4.841487e-03  9.023929e+01  2.020000e+02 -2.000000e+02 -2.000000e+02  2.000000e+02
  7  1.000219e+00  1.000875e+00  4.309455e-05 -7.290004e-04 -2.916000e-03  7.000000e-01  5.103002e-04  2.041200e-03 -4.357338e-04  9.023918e+01  2.020000e+02 -2.000000e+02 -2.000000e+02  2.000000e+02
  8  1.000066e+00  1.000262e+00  3.878510e-06 -2.187001e-04 -8.748001e-04  7.000000e-01  1.530901e-04  6.123601e-04 -3.921604e-05  9.023915e+01  2.020000e+02 -2.000000e+02 -2.000000e+02  2.000000e+02
  9  1.000020e+00  1.000079e+00  3.490659e-07 -6.561003e-05 -2.624400e-04  7.000000e-01  4.592702e-05  1.837080e-04 -3.529444e-06  9.023914e+01  2.020000e+02 -2.000000e+02 -2.000000e+02  2.000000e+02
 10  1.000006e+00  1.000024e+00  3.141593e-08 -1.968301e-05 -7.873201e-05  7.000000e-01  1.377811e-05  5.511241e-05 -3.176499e-07  9.023913e+01  2.020000e+02 -2.000000e+02 -2.000000e+02  2.000000e+02
 11  1.000002e+00  1.000007e+00  2.827433e-09 -5.904903e-06 -2.361960e-05  7.000000e-01  4.133432e-06  1.653372e-05 -2.858849e-08  9.023913e+01  2.020000e+02 -2.000000e+02 -2.000000e+02  2.000000e+02
 12  1.000001e+00  1.000002e+00  2.544690e-10 -1.771471e-06 -7.085881e-06  7.000000e-01  1.240030e-06  4.960117e-06 -2.572964e-09  9.023913e+01  2.020000e+02 -2.000000e+02 -2.000000e+02  2.000000e+02

  k             x             y       f(x, y)            Sx            Sy        lambda |xk - x(k-1)| |yk - y(k-1)| |fk - f(k-1)|         angle           H00           H01           H10           H11
  1  1.300000e+00  2.200000e+00  8.109000e+01 -9.999998e-01 -4.000000e+00  7.000000e-01  6.999999e-01  2.800000e+00 -8.199100e+02  9.026733e+01  2.020000e+02 -2.000000e+02 -2.000000e+02  2.000000e+02
  2  1.090000e+00  1.360000e+00  7.298100e+00 -3.000001e-01 -1.200000e+00  7.000000e-01  2.100001e-01  8.400001e-01 -7.379190e+01  9.025341e+01  2.020000e+02 -2.000000e+02 -2.000000e+02  2.000000e+02
  3  1.027000e+00  1.108000e+00  6.568290e-01 -9.000004e-02 -3.600000e-01  7.000000e-01  6.300003e-02  2.520000e-01 -6.641271e+00  9.024440e+01  2.020000e+02 -2.000000e+02 -2.000000e+02  2.000000e+02
  4  1.008100e+00  1.032400e+00  5.911461e-02 -2.700001e-02 -1.080000e-01  7.000000e-01  1.890001e-02  7.560001e-02 -5.977144e-01  9.024082e+01  2.020000e+02 -2.000000e+02 -2.000000e+02  2.000000e+02
  5  1.002430e+00  1.009720e+00  5.320315e-03 -8.100004e-03 -3.240000e-02  7.000000e-01  5.670003e-03  2.268000e-02 -5.379430e-02  9.023965e+01  2.020000e+02 -2.000000e+02 -2.000000e+02  2.000000e+02
  6  1.000729e+00  1.002916e+00  4.788283e-04 -2.430001e-03 -9.720001e-03  7.000000e-01  1.701001e-03  6.804001e-03 -4.841487e-03  9.023929e+01  2.020000e+02 -2.000000e+02 -2.000000e+02  2.000000e+02
  7  1.000219e+00  1.000875e+00  4.309455e-05 -7.290004e-04 -2.916000e-03  7.000000e-01  5.103002e-04  2.041200e-03 -4.357338e-04  9.023918e+01  2.020000e+02 -2.000000e+02 -2.000000e+02  2.000000e+02
  8  1.000066e+00  1.000262e+00  3.878510e-06 -2.187001e-04 -8.748001e-04  7.000000e-01  1.530901e-04  6.123601e-04 -3.921604e-05  9.023915e+01  2.020000e+02 -2.000000e+02 -2.000000e+02  2.000000e+02
  9  1.000020e+00  1.000079e+00  3.490659e-07 -6.561003e-05 -2.624400e-04  7.000000e-01  4.592702e-05  1.837080e-04 -3.529444e-06  9.023914e+01  2.020000e+02 -2.000000e+02 -2.000000e+02  2.000000e+02
 10  1.000006e+00  1.000024e+00  3.141593e-08 -1.968301e-05 -7.873201e-05  7.000000e-01  1.377811e-05  5.511241e-05 -3.176499e-07  9.023913e+01  2.020000e+02 -2.000000e+02 -2.000000e+02  2.000000e+02
 11  1.000002e+00  1.000007e+00  2.827433e-09 -5.904903e-06 -2.361960e-05  7.000000e-01  4.133432e-06  1.653372e-05 -2.858849e-08  9.023913e+01  2.020000e+02 -2.000000e+02 -2.000000e+02  2.000000e+02
 12  1.000001e+00  1.000002e+00  2.544690e-10 -1.771471e-06 -7.085881e-06  7.000000e-01  1.240030e-06  4.960117e-06 -2.572964e-09  9.023913e+01  2.020000e+02 -2.000000e+02 -2.000000e+02  2.000000e+02
 13  1.000000e+00  1.000001e+00  2.290221e-11 -5.314413e-07 -2.125764e-06  7.000000e-01  3.720089e-07  1.488035e-06 -2.315668e-10  9.023913e+01  2.020000e+02 -2.000000e+02 -2.000000e+02  2.000000e+02
 14  1.000000e+00  1.000000e+00  2.061199e-12 -1.594324e-07 -6.377293e-07  7.000000e-01  1.116027e-07  4.464105e-07 -2.084101e-11  9.023913e+01  2.020000e+02 -2.000000e+02 -2.000000e+02  2.000000e+02

  k             x             y       f(x, y)            Sx            Sy        lambda |xk - x(k-1)| |yk - y(k-1)| |fk - f(k-1)|         angle           H00           H01           H10           H11
  1  1.300000e+00  2.200000e+00  8.109000e+01 -9.999998e-01 -4.000000e+00  7.000000e-01  6.999999e-01  2.800000e+00 -8.199100e+02  9.026733e+01  2.020000e+02 -2.000000e+02 -2.000000e+02  2.000000e+02
  2  1.090000e+00  1.360000e+00  7.298100e+00 -3.000001e-01 -1.200000e+00  7.000000e-01  2.100001e-01  8.400001e-01 -7.379190e+01  9.025341e+01  2.020000e+02 -2.000000e+02 -2.000000e+02  2.000000e+02
  3  1.027000e+00  1.108000e+00  6.568290e-01 -9.000004e-02 -3.600000e-01  7.000000e-01  6.300003e-02  2.520000e-01 -6.641271e+00  9.024440e+01  2.020000e+02 -2.000000e+02 -2.000000e+02  2.000000e+02
  4  1.008100e+00  1.032400e+00  5.911461e-02 -2.700001e-02 -1.080000e-01  7.000000e-01  1.890001e-02  7.560001e-02 -5.977144e-01  9.024082e+01  2.020000e+02 -2.000000e+02 -2.000000e+02  2.000000e+02
  5  1.002430e+00  1.009720e+00  5.320315e-03 -8.100004e-03 -3.240000e-02  7.000000e-01  5.670003e-03  2.268000e-02 -5.379430e-02  9.023965e+01  2.020000e+02 -2.000000e+02 -2.000000e+02  2.000000e+02
  6  1.000729e+00  1.002916e+00  4.788283e-04 -2.430001e-03 -9.720001e-03  7.000000e-01  1.701001e-03  6.804001e-03 -4.841487e-03  9.023929e+01  2.020000e+02 -2.000000e+02 -2.000000e+02  2.000000e+02
  7  1.000219e+00  1.000875e+00  4.309455e-05 -7.290004e-04 -2.916000e-03  7.000000e-01  5.103002e-04  2.041200e-03 -4.357338e-04  9.023918e+01  2.020000e+02 -2.000000e+02 -2.000000e+02  2.000000e+02
  8  1.000066e+00  1.000262e+00  3.878510e-06 -2.187001e-04 -8.748001e-04  7.000000e-01  1.530901e-04  6.123601e-04 -3.921604e-05  9.023915e+01  2.020000e+02 -2.000000e+02 -2.000000e+02  2.000000e+02
  9  1.000020e+00  1.000079e+00  3.490659e-07 -6.561003e-05 -2.624400e-04  7.000000e-01  4.592702e-05  1.837080e-04 -3.529444e-06  9.023914e+01  2.020000e+02 -2.000000e+02 -2.000000e+02  2.000000e+02
 10  1.000006e+00  1.000024e+00  3.141593e-08 -1.968301e-05 -7.873201e-05  7.000000e-01  1.377811e-05  5.511241e-05 -3.176499e-07  9.023913e+01  2.020000e+02 -2.000000e+02 -2.000000e+02  2.000000e+02
 11  1.000002e+00  1.000007e+00  2.827433e-09 -5.904903e-06 -2.361960e-05  7.000000e-01  4.133432e-06  1.653372e-05 -2.858849e-08  9.023913e+01  2.020000e+02 -2.000000e+02 -2.000000e+02  2.000000e+02
 12  1.000001e+00  1.000002e+00  2.544690e-10 -1.771471e-06 -7.085881e-06  7.000000e-01  1.240030e-06  4.960117e-06 -2.572964e-09  9.023913e+01  2.020000e+02 -2.000000e+02 -2.000000e+02  2.000000e+02
 13  1.000000e+00  1.000001e+00  2.290221e-11 -5.314413e-07 -2.125764e-06  7.000000e-01  3.720089e-07  1.488035e-06 -2.315668e-10  9.023913e+01  2.020000e+02 -2.000000e+02 -2.000000e+02  2.000000e+02
 14  1.000000e+00  1.000000e+00  2.061199e-12 -1.594324e-07 -6.377293e-07  7.000000e-01  1.116027e-07  4.464105e-07 -2.084101e-11  9.023913e+01  2.020000e+02 -2.000000e+02 -2.000000e+02  2.000000e+02
 15  1.000000e+00  1.000000e+00  1.855079e-13 -4.782971e-08 -1.913188e-07  7.000000e-01  3.348080e-08  1.339231e-07 -1.875691e-12  9.023913e+01  2.020000e+02 -2.000000e+02 -2.000000e+02  2.000000e+02
 16  1.000000e+00  1.000000e+00  1.669571e-14 -1.434891e-08 -5.739564e-08  7.000000e-01  1.004424e-08  4.017694e-08 -1.688122e-13  9.023913e+01  2.020000e+02 -2.000000e+02 -2.000000e+02  2.000000e+02

  k             x             y       f(x, y)            Sx            Sy        lambda |xk - x(k-1)| |yk - y(k-1)| |fk - f(k-1)|         angle           H00           H01           H10           H11
  1 -2.472558e+00  6.120942e+00  1.206413e+01  7.980000e+02 -2.000000e+02 -5.604710e-03  4.472558e+00  1.120942e+00 -8.893587e+01  1.260663e+02  2.802001e+03 -8.000000e+02 -8.000000e+02  2.000000e+02
  2 -2.472951e+00  6.119374e+00  1.206290e+01 -3.707878e-01 -1.479421e+00  1.059579e-03  3.928791e-04  1.567564e-03 -1.232432e-03  1.439252e+02  4.889878e+03  9.890233e+02  9.890233e+02  2.000000e+02
  3 -2.215552e+00  4.846239e+00  1.072955e+01  1.556737e+01 -7.699857e+01  1.653454e-02  2.573992e-01  1.273136e+00 -1.333350e+00     -nan(ind)  4.892836e+03  9.891805e+02  9.891805e+02  2.000000e+02
  4 -1.901019e+00  3.534871e+00  9.040029e+00  2.384224e-01 -9.940425e-01  1.319227e+00  3.145334e-01  1.311368e+00 -1.689523e+00  9.089881e+01  3.953910e+03  8.862208e+02  8.862208e+02  2.000000e+02
  5 -1.478842e+00  2.122893e+00  6.555285e+00  1.726729e-01 -5.775074e-01  2.444952e+00  4.221769e-01  1.411978e+00 -2.484744e+00  9.048427e+01  2.924699e+03  7.604075e+02  7.604075e+02  2.000000e+02
  6 -1.209724e+00  1.423049e+00  5.045969e+00  1.794116e-01 -4.665625e-01  1.500000e+00  2.691174e-01  6.998437e-01 -1.509316e+00  9.060408e+01  1.777211e+03  5.915367e+02  5.915367e+02  2.000000e+02
  7 -1.039318e+00  1.039029e+00  4.328180e+00  2.434373e-01 -5.486002e-01  7.000000e-01  1.704061e-01  3.840201e-01 -7.177891e-01  9.126909e+01  1.188901e+03  4.838898e+02  4.838898e+02  2.000000e+02
  8 -8.846755e-01  7.463903e-01  3.683484e+00  2.209183e-01 -4.180554e-01  7.000000e-01  1.546428e-01  2.926388e-01 -6.446963e-01  9.110524e+01  8.826082e+02  4.157273e+02  4.157273e+02  2.000000e+02
  9 -7.248117e-01  4.889174e-01  3.107723e+00  2.283769e-01 -3.678184e-01  7.000000e-01  1.598638e-01  2.574729e-01 -5.757605e-01  9.124945e+01  6.426256e+02  3.538702e+02  3.538702e+02  2.000000e+02
 10 -5.791229e-01  3.032277e-01  2.597027e+00  2.081268e-01 -2.652709e-01  7.000000e-01  1.456888e-01  1.856897e-01 -5.106958e-01  9.111531e+01  4.368562e+02  2.899247e+02  2.899247e+02  2.000000e+02
 11 -4.303801e-01  1.534560e-01  2.146927e+00  2.124897e-01 -2.139597e-01  7.000000e-01  1.487428e-01  1.497718e-01 -4.500999e-01  9.125649e+01  2.831697e+02  2.316492e+02  2.316492e+02  2.000000e+02
 12 -2.942389e-01  5.851078e-02  1.753823e+00  1.944874e-01 -1.356360e-01  7.000000e-01  1.361412e-01  9.494518e-02 -3.931045e-01  9.118792e+01  1.628909e+02  1.721520e+02  1.721520e+02  2.000000e+02
 13 -1.572525e-01 -2.456678e-03  1.413136e+00  1.956949e-01 -8.709637e-02  7.000000e-01  1.369865e-01  6.096746e-02 -3.406873e-01  9.136826e+01  8.248833e+01  1.176956e+02  1.176956e+02  2.000000e+02
 14 -3.141336e-02 -2.300418e-02  1.121370e+00  1.797701e-01 -2.935358e-02  7.000000e-01  1.258391e-01  2.054750e-02 -2.917655e-01  9.108167e+01  3.265747e+01  6.290098e+01  6.290098e+01  2.000000e+02
 15  9.309767e-02 -1.403312e-02  8.740022e-01  1.778729e-01  1.281580e-02  7.000000e-01  1.245110e-01  8.971063e-03 -2.473681e-01  8.813615e+01  1.238663e+01  1.256534e+01  1.256534e+01  2.000000e+02
 16  2.076788e-01  2.319156e-02  6.675290e-01  1.636873e-01  5.317810e-02  7.000000e-01  1.145811e-01  3.722467e-02 -2.064732e-01  8.791889e+01  1.801466e+01 -3.723907e+01 -3.723907e+01  2.000000e+02
 17  3.188665e-01  8.333146e-02  4.975945e-01  1.588396e-01  8.591415e-02  7.000000e-01  1.111877e-01  6.013990e-02 -1.699345e-01  8.747946e+01  4.448074e+01 -8.307151e+01 -8.307151e+01  2.000000e+02
 18  4.209794e-01  1.612933e-01  3.606425e-01  1.458756e-01  1.113740e-01  7.000000e-01  1.021129e-01  7.796183e-02 -1.369520e-01  8.734215e+01  9.067923e+01 -1.275466e+02 -1.275466e+02  2.000000e+02
 19  5.177947e-01  2.539590e-01  2.525507e-01  1.383075e-01  1.323796e-01  7.000000e-01  9.681528e-02  9.266573e-02 -1.080917e-01  8.703869e+01  1.501519e+02 -1.683918e+02 -1.683918e+02  2.000000e+02
 20  6.630532e-01  4.207190e-01  1.493320e-01  1.258739e-01  1.445060e-01  1.154000e+00  1.452586e-01  1.667600e-01 -1.032188e-01  8.694476e+01  2.221508e+02 -2.071179e+02 -2.071179e+02  2.000000e+02
 21  8.786097e-01  7.644824e-01  2.031957e-02  7.042433e-02  1.123108e-01  3.060824e+00  2.155565e-01  3.437634e-01 -1.290124e-01  8.873837e+01  3.612807e+02 -2.652213e+02 -2.652213e+02  2.000000e+02
 22  9.515923e-01  9.039378e-01  2.596167e-03  4.865508e-02  9.297024e-02  1.500000e+00  7.298262e-02  1.394554e-01 -1.772340e-02  8.797704e+01  6.225538e+02 -3.514439e+02 -3.514439e+02  2.000000e+02
 23  9.937016e-01  9.859033e-01  2.767104e-04  3.671606e-02  7.146761e-02  1.146891e+00  4.210932e-02  8.196555e-02 -2.319456e-03  8.268118e+01  7.270592e+02 -3.806369e+02 -3.806369e+02  2.000000e+02
 24  9.970715e-01  9.936784e-01  3.097162e-05  4.814127e-03  1.110723e-02  7.000000e-01  3.369889e-03  7.775058e-03 -2.457388e-04  8.904334e+01  7.925710e+02 -3.974807e+02 -3.974807e+02  2.000000e+02
 25  9.989435e-01  9.977427e-01  3.232475e-06  2.674295e-03  5.806167e-03  7.000000e-01  1.872006e-03  4.064317e-03 -2.773914e-05  8.833167e+01  7.975114e+02 -3.988286e+02 -3.988286e+02  2.000000e+02
 26  9.996619e-01  9.992797e-01  3.093305e-07  1.026211e-03  2.195729e-03  7.000000e-01  7.183475e-04  1.537011e-03 -2.923145e-06  8.793171e+01  8.003695e+02 -3.995774e+02 -3.995774e+02  2.000000e+02
 27  9.998964e-01  9.997795e-01  2.842977e-08  3.350327e-04  7.139979e-04  7.000000e-01  2.345229e-04  4.997985e-04 -2.809008e-07  8.777906e+01  8.014776e+02 -3.998647e+02 -3.998647e+02  2.000000e+02

  k             x             y       f(x, y)            Sx            Sy        lambda |xk - x(k-1)| |yk - y(k-1)| |fk - f(k-1)|         angle           H00           H01           H10           H11
  1 -2.472558e+00  6.120942e+00  1.206413e+01  7.980000e+02 -2.000000e+02 -5.604710e-03  4.472558e+00  1.120942e+00 -8.893587e+01  1.260663e+02  2.802001e+03 -8.000000e+02 -8.000000e+02  2.000000e+02
  2 -2.472951e+00  6.119374e+00  1.206290e+01 -3.707878e-01 -1.479421e+00  1.059579e-03  3.928791e-04  1.567564e-03 -1.232432e-03  1.439252e+02  4.889878e+03  9.890233e+02  9.890233e+02  2.000000e+02
  3 -2.215552e+00  4.846239e+00  1.072955e+01  1.556737e+01 -7.699857e+01  1.653454e-02  2.573992e-01  1.273136e+00 -1.333350e+00     -nan(ind)  4.892836e+03  9.891805e+02  9.891805e+02  2.000000e+02
  4 -1.901019e+00  3.534871e+00  9.040029e+00  2.384224e-01 -9.940425e-01  1.319227e+00  3.145334e-01  1.311368e+00 -1.689523e+00  9.089881e+01  3.953910e+03  8.862208e+02  8.862208e+02  2.000000e+02
  5 -1.478842e+00  2.122893e+00  6.555285e+00  1.726729e-01 -5.775074e-01  2.444952e+00  4.221769e-01  1.411978e+00 -2.484744e+00  9.048427e+01  2.924699e+03  7.604075e+02  7.604075e+02  2.000000e+02
  6 -1.209724e+00  1.423049e+00  5.045969e+00  1.794116e-01 -4.665625e-01  1.500000e+00  2.691174e-01  6.998437e-01 -1.509316e+00  9.060408e+01  1.777211e+03  5.915367e+02  5.915367e+02  2.000000e+02
  7 -1.039318e+00  1.039029e+00  4.328180e+00  2.434373e-01 -5.486002e-01  7.000000e-01  1.704061e-01  3.840201e-01 -7.177891e-01  9.126909e+01  1.188901e+03  4.838898e+02  4.838898e+02  2.000000e+02
  8 -8.846755e-01  7.463903e-01  3.683484e+00  2.209183e-01 -4.180554e-01  7.000000e-01  1.546428e-01  2.926388e-01 -6.446963e-01  9.110524e+01  8.826082e+02  4.157273e+02  4.157273e+02  2.000000e+02
  9 -7.248117e-01  4.889174e-01  3.107723e+00  2.283769e-01 -3.678184e-01  7.000000e-01  1.598638e-01  2.574729e-01 -5.757605e-01  9.124945e+01  6.426256e+02  3.538702e+02  3.538702e+02  2.000000e+02
 10 -5.791229e-01  3.032277e-01  2.597027e+00  2.081268e-01 -2.652709e-01  7.000000e-01  1.456888e-01  1.856897e-01 -5.106958e-01  9.111531e+01  4.368562e+02  2.899247e+02  2.899247e+02  2.000000e+02
 11 -4.303801e-01  1.534560e-01  2.146927e+00  2.124897e-01 -2.139597e-01  7.000000e-01  1.487428e-01  1.497718e-01 -4.500999e-01  9.125649e+01  2.831697e+02  2.316492e+02  2.316492e+02  2.000000e+02
 12 -2.942389e-01  5.851078e-02  1.753823e+00  1.944874e-01 -1.356360e-01  7.000000e-01  1.361412e-01  9.494518e-02 -3.931045e-01  9.118792e+01  1.628909e+02  1.721520e+02  1.721520e+02  2.000000e+02
 13 -1.572525e-01 -2.456678e-03  1.413136e+00  1.956949e-01 -8.709637e-02  7.000000e-01  1.369865e-01  6.096746e-02 -3.406873e-01  9.136826e+01  8.248833e+01  1.176956e+02  1.176956e+02  2.000000e+02
 14 -3.141336e-02 -2.300418e-02  1.121370e+00  1.797701e-01 -2.935358e-02  7.000000e-01  1.258391e-01  2.054750e-02 -2.917655e-01  9.108167e+01  3.265747e+01  6.290098e+01  6.290098e+01  2.000000e+02
 15  9.309767e-02 -1.403312e-02  8.740022e-01  1.778729e-01  1.281580e-02  7.000000e-01  1.245110e-01  8.971063e-03 -2.473681e-01  8.813615e+01  1.238663e+01  1.256534e+01  1.256534e+01  2.000000e+02
 16  2.076788e-01  2.319156e-02  6.675290e-01  1.636873e-01  5.317810e-02  7.000000e-01  1.145811e-01  3.722467e-02 -2.064732e-01  8.791889e+01  1.801466e+01 -3.723907e+01 -3.723907e+01  2.000000e+02
 17  3.188665e-01  8.333146e-02  4.975945e-01  1.588396e-01  8.591415e-02  7.000000e-01  1.111877e-01  6.013990e-02 -1.699345e-01  8.747946e+01  4.448074e+01 -8.307151e+01 -8.307151e+01  2.000000e+02
 18  4.209794e-01  1.612933e-01  3.606425e-01  1.458756e-01  1.113740e-01  7.000000e-01  1.021129e-01  7.796183e-02 -1.369520e-01  8.734215e+01  9.067923e+01 -1.275466e+02 -1.275466e+02  2.000000e+02
 19  5.177947e-01  2.539590e-01  2.525507e-01  1.383075e-01  1.323796e-01  7.000000e-01  9.681528e-02  9.266573e-02 -1.080917e-01  8.703869e+01  1.501519e+02 -1.683918e+02 -1.683918e+02  2.000000e+02
 20  6.630532e-01  4.207190e-01  1.493320e-01  1.258739e-01  1.445060e-01  1.154000e+00  1.452586e-01  1.667600e-01 -1.032188e-01  8.694476e+01  2.221508e+02 -2.071179e+02 -2.071179e+02  2.000000e+02
 21  8.786097e-01  7.644824e-01  2.031957e-02  7.042433e-02  1.123108e-01  3.060824e+00  2.155565e-01  3.437634e-01 -1.290124e-01  8.873837e+01  3.612807e+02 -2.652213e+02 -2.652213e+02  2.000000e+02
 22  9.515923e-01  9.039378e-01  2.596167e-03  4.865508e-02  9.297024e-02  1.500000e+00  7.298262e-02  1.394554e-01 -1.772340e-02  8.797704e+01  6.225538e+02 -3.514439e+02 -3.514439e+02  2.000000e+02
 23  9.937016e-01  9.859033e-01  2.767104e-04  3.671606e-02  7.146761e-02  1.146891e+00  4.210932e-02  8.196555e-02 -2.319456e-03  8.268118e+01  7.270592e+02 -3.806369e+02 -3.806369e+02  2.000000e+02
 24  9.970715e-01  9.936784e-01  3.097162e-05  4.814127e-03  1.110723e-02  7.000000e-01  3.369889e-03  7.775058e-03 -2.457388e-04  8.904334e+01  7.925710e+02 -3.974807e+02 -3.974807e+02  2.000000e+02
 25  9.989435e-01  9.977427e-01  3.232475e-06  2.674295e-03  5.806167e-03  7.000000e-01  1.872006e-03  4.064317e-03 -2.773914e-05  8.833167e+01  7.975114e+02 -3.988286e+02 -3.988286e+02  2.000000e+02
 26  9.996619e-01  9.992797e-01  3.093305e-07  1.026211e-03  2.195729e-03  7.000000e-01  7.183475e-04  1.537011e-03 -2.923145e-06  8.793171e+01  8.003695e+02 -3.995774e+02 -3.995774e+02  2.000000e+02
 27  9.998964e-01  9.997795e-01  2.842977e-08  3.350327e-04  7.139979e-04  7.000000e-01  2.345229e-04  4.997985e-04 -2.809008e-07  8.777906e+01  8.014776e+02 -3.998647e+02 -3.998647e+02  2.000000e+02
 28  9.999687e-01  9.999334e-01  2.576667e-09  1.032870e-04  2.198553e-04  7.000000e-01  7.230090e-05  1.538987e-04 -2.585311e-08  8.772813e+01  8.018404e+02 -3.999586e+02 -3.999586e+02  2.000000e+02
 29  9.999906e-01  9.999800e-01  2.325077e-10  3.126496e-05  6.652400e-05  7.000000e-01  2.188547e-05  4.656680e-05 -2.344159e-09  8.771099e+01  8.019523e+02 -3.999875e+02 -3.999875e+02  2.000000e+02

  k             x             y       f(x, y)            Sx            Sy        lambda |xk - x(k-1)| |yk - y(k-1)| |fk - f(k-1)|         angle           H00           H01           H10           H11
  1 -2.472558e+00  6.120942e+00  1.206413e+01  7.980000e+02 -2.000000e+02 -5.604710e-03  4.472558e+00  1.120942e+00 -8.893587e+01  1.260663e+02  2.802001e+03 -8.000000e+02 -8.000000e+02  2.000000e+02
  2 -2.472951e+00  6.119374e+00  1.206290e+01 -3.707878e-01 -1.479421e+00  1.059579e-03  3.928791e-04  1.567564e-03 -1.232432e-03  1.439252e+02  4.889878e+03  9.890233e+02  9.890233e+02  2.000000e+02
  3 -2.215552e+00  4.846239e+00  1.072955e+01  1.556737e+01 -7.699857e+01  1.653454e-02  2.573992e-01  1.273136e+00 -1.333350e+00     -nan(ind)  4.892836e+03  9.891805e+02  9.891805e+02  2.000000e+02
  4 -1.901019e+00  3.534871e+00  9.040029e+00  2.384224e-01 -9.940425e-01  1.319227e+00  3.145334e-01  1.311368e+00 -1.689523e+00  9.089881e+01  3.953910e+03  8.862208e+02  8.862208e+02  2.000000e+02
  5 -1.478842e+00  2.122893e+00  6.555285e+00  1.726729e-01 -5.775074e-01  2.444952e+00  4.221769e-01  1.411978e+00 -2.484744e+00  9.048427e+01  2.924699e+03  7.604075e+02  7.604075e+02  2.000000e+02
  6 -1.209724e+00  1.423049e+00  5.045969e+00  1.794116e-01 -4.665625e-01  1.500000e+00  2.691174e-01  6.998437e-01 -1.509316e+00  9.060408e+01  1.777211e+03  5.915367e+02  5.915367e+02  2.000000e+02
  7 -1.039318e+00  1.039029e+00  4.328180e+00  2.434373e-01 -5.486002e-01  7.000000e-01  1.704061e-01  3.840201e-01 -7.177891e-01  9.126909e+01  1.188901e+03  4.838898e+02  4.838898e+02  2.000000e+02
  8 -8.846755e-01  7.463903e-01  3.683484e+00  2.209183e-01 -4.180554e-01  7.000000e-01  1.546428e-01  2.926388e-01 -6.446963e-01  9.110524e+01  8.826082e+02  4.157273e+02  4.157273e+02  2.000000e+02
  9 -7.248117e-01  4.889174e-01  3.107723e+00  2.283769e-01 -3.678184e-01  7.000000e-01  1.598638e-01  2.574729e-01 -5.757605e-01  9.124945e+01  6.426256e+02  3.538702e+02  3.538702e+02  2.000000e+02
 10 -5.791229e-01  3.032277e-01  2.597027e+00  2.081268e-01 -2.652709e-01  7.000000e-01  1.456888e-01  1.856897e-01 -5.106958e-01  9.111531e+01  4.368562e+02  2.899247e+02  2.899247e+02  2.000000e+02
 11 -4.303801e-01  1.534560e-01  2.146927e+00  2.124897e-01 -2.139597e-01  7.000000e-01  1.487428e-01  1.497718e-01 -4.500999e-01  9.125649e+01  2.831697e+02  2.316492e+02  2.316492e+02  2.000000e+02
 12 -2.942389e-01  5.851078e-02  1.753823e+00  1.944874e-01 -1.356360e-01  7.000000e-01  1.361412e-01  9.494518e-02 -3.931045e-01  9.118792e+01  1.628909e+02  1.721520e+02  1.721520e+02  2.000000e+02
 13 -1.572525e-01 -2.456678e-03  1.413136e+00  1.956949e-01 -8.709637e-02  7.000000e-01  1.369865e-01  6.096746e-02 -3.406873e-01  9.136826e+01  8.248833e+01  1.176956e+02  1.176956e+02  2.000000e+02
 14 -3.141336e-02 -2.300418e-02  1.121370e+00  1.797701e-01 -2.935358e-02  7.000000e-01  1.258391e-01  2.054750e-02 -2.917655e-01  9.108167e+01  3.265747e+01  6.290098e+01  6.290098e+01  2.000000e+02
 15  9.309767e-02 -1.403312e-02  8.740022e-01  1.778729e-01  1.281580e-02  7.000000e-01  1.245110e-01  8.971063e-03 -2.473681e-01  8.813615e+01  1.238663e+01  1.256534e+01  1.256534e+01  2.000000e+02
 16  2.076788e-01  2.319156e-02  6.675290e-01  1.636873e-01  5.317810e-02  7.000000e-01  1.145811e-01  3.722467e-02 -2.064732e-01  8.791889e+01  1.801466e+01 -3.723907e+01 -3.723907e+01  2.000000e+02
 17  3.188665e-01  8.333146e-02  4.975945e-01  1.588396e-01  8.591415e-02  7.000000e-01  1.111877e-01  6.013990e-02 -1.699345e-01  8.747946e+01  4.448074e+01 -8.307151e+01 -8.307151e+01  2.000000e+02
 18  4.209794e-01  1.612933e-01  3.606425e-01  1.458756e-01  1.113740e-01  7.000000e-01  1.021129e-01  7.796183e-02 -1.369520e-01  8.734215e+01  9.067923e+01 -1.275466e+02 -1.275466e+02  2.000000e+02
 19  5.177947e-01  2.539590e-01  2.525507e-01  1.383075e-01  1.323796e-01  7.000000e-01  9.681528e-02  9.266573e-02 -1.080917e-01  8.703869e+01  1.501519e+02 -1.683918e+02 -1.683918e+02  2.000000e+02
 20  6.630532e-01  4.207190e-01  1.493320e-01  1.258739e-01  1.445060e-01  1.154000e+00  1.452586e-01  1.667600e-01 -1.032188e-01  8.694476e+01  2.221508e+02 -2.071179e+02 -2.071179e+02  2.000000e+02
 21  8.786097e-01  7.644824e-01  2.031957e-02  7.042433e-02  1.123108e-01  3.060824e+00  2.155565e-01  3.437634e-01 -1.290124e-01  8.873837e+01  3.612807e+02 -2.652213e+02 -2.652213e+02  2.000000e+02
 22  9.515923e-01  9.039378e-01  2.596167e-03  4.865508e-02  9.297024e-02  1.500000e+00  7.298262e-02  1.394554e-01 -1.772340e-02  8.797704e+01  6.225538e+02 -3.514439e+02 -3.514439e+02  2.000000e+02
 23  9.937016e-01  9.859033e-01  2.767104e-04  3.671606e-02  7.146761e-02  1.146891e+00  4.210932e-02  8.196555e-02 -2.319456e-03  8.268118e+01  7.270592e+02 -3.806369e+02 -3.806369e+02  2.000000e+02
 24  9.970715e-01  9.936784e-01  3.097162e-05  4.814127e-03  1.110723e-02  7.000000e-01  3.369889e-03  7.775058e-03 -2.457388e-04  8.904334e+01  7.925710e+02 -3.974807e+02 -3.974807e+02  2.000000e+02
 25  9.989435e-01  9.977427e-01  3.232475e-06  2.674295e-03  5.806167e-03  7.000000e-01  1.872006e-03  4.064317e-03 -2.773914e-05  8.833167e+01  7.975114e+02 -3.988286e+02 -3.988286e+02  2.000000e+02
 26  9.996619e-01  9.992797e-01  3.093305e-07  1.026211e-03  2.195729e-03  7.000000e-01  7.183475e-04  1.537011e-03 -2.923145e-06  8.793171e+01  8.003695e+02 -3.995774e+02 -3.995774e+02  2.000000e+02
 27  9.998964e-01  9.997795e-01  2.842977e-08  3.350327e-04  7.139979e-04  7.000000e-01  2.345229e-04  4.997985e-04 -2.809008e-07  8.777906e+01  8.014776e+02 -3.998647e+02 -3.998647e+02  2.000000e+02
 28  9.999687e-01  9.999334e-01  2.576667e-09  1.032870e-04  2.198553e-04  7.000000e-01  7.230090e-05  1.538987e-04 -2.585311e-08  8.772813e+01  8.018404e+02 -3.999586e+02 -3.999586e+02  2.000000e+02
 29  9.999906e-01  9.999800e-01  2.325077e-10  3.126496e-05  6.652400e-05  7.000000e-01  2.188547e-05  4.656680e-05 -2.344159e-09  8.771099e+01  8.019523e+02 -3.999875e+02 -3.999875e+02  2.000000e+02
 30  9.999972e-01  9.999940e-01  2.095263e-11  9.410915e-06  2.002094e-05  7.000000e-01  6.587640e-06  1.401466e-05 -2.115551e-10  8.770434e+01  8.019862e+02 -3.999962e+02 -3.999962e+02  2.000000e+02
 31  9.999992e-01  9.999982e-01  1.887388e-12  2.827972e-06  6.015758e-06  7.000000e-01  1.979580e-06  4.211031e-06 -1.906524e-11  8.770084e+01  8.019964e+02 -3.999989e+02 -3.999989e+02  2.000000e+02

  k             x             y       f(x, y)            Sx            Sy        lambda |xk - x(k-1)| |yk - y(k-1)| |fk - f(k-1)|         angle           H00           H01           H10           H11
  1 -2.472558e+00  6.120942e+00  1.206413e+01  7.980000e+02 -2.000000e+02 -5.604710e-03  4.472558e+00  1.120942e+00 -8.893587e+01  1.260663e+02  2.802001e+03 -8.000000e+02 -8.000000e+02  2.000000e+02
  2 -2.472951e+00  6.119374e+00  1.206290e+01 -3.707878e-01 -1.479421e+00  1.059579e-03  3.928791e-04  1.567564e-03 -1.232432e-03  1.439252e+02  4.889878e+03  9.890233e+02  9.890233e+02  2.000000e+02
  3 -2.215552e+00  4.846239e+00  1.072955e+01  1.556737e+01 -7.699857e+01  1.653454e-02  2.573992e-01  1.273136e+00 -1.333350e+00     -nan(ind)  4.892836e+03  9.891805e+02  9.891805e+02  2.000000e+02
  4 -1.901019e+00  3.534871e+00  9.040029e+00  2.384224e-01 -9.940425e-01  1.319227e+00  3.145334e-01  1.311368e+00 -1.689523e+00  9.089881e+01  3.953910e+03  8.862208e+02  8.862208e+02  2.000000e+02
  5 -1.478842e+00  2.122893e+00  6.555285e+00  1.726729e-01 -5.775074e-01  2.444952e+00  4.221769e-01  1.411978e+00 -2.484744e+00  9.048427e+01  2.924699e+03  7.604075e+02  7.604075e+02  2.000000e+02
  6 -1.209724e+00  1.423049e+00  5.045969e+00  1.794116e-01 -4.665625e-01  1.500000e+00  2.691174e-01  6.998437e-01 -1.509316e+00  9.060408e+01  1.777211e+03  5.915367e+02  5.915367e+02  2.000000e+02
  7 -1.039318e+00  1.039029e+00  4.328180e+00  2.434373e-01 -5.486002e-01  7.000000e-01  1.704061e-01  3.840201e-01 -7.177891e-01  9.126909e+01  1.188901e+03  4.838898e+02  4.838898e+02  2.000000e+02
  8 -8.846755e-01  7.463903e-01  3.683484e+00  2.209183e-01 -4.180554e-01  7.000000e-01  1.546428e-01  2.926388e-01 -6.446963e-01  9.110524e+01  8.826082e+02  4.157273e+02  4.157273e+02  2.000000e+02
  9 -7.248117e-01  4.889174e-01  3.107723e+00  2.283769e-01 -3.678184e-01  7.000000e-01  1.598638e-01  2.574729e-01 -5.757605e-01  9.124945e+01  6.426256e+02  3.538702e+02  3.538702e+02  2.000000e+02
 10 -5.791229e-01  3.032277e-01  2.597027e+00  2.081268e-01 -2.652709e-01  7.000000e-01  1.456888e-01  1.856897e-01 -5.106958e-01  9.111531e+01  4.368562e+02  2.899247e+02  2.899247e+02  2.000000e+02
 11 -4.303801e-01  1.534560e-01  2.146927e+00  2.124897e-01 -2.139597e-01  7.000000e-01  1.487428e-01  1.497718e-01 -4.500999e-01  9.125649e+01  2.831697e+02  2.316492e+02  2.316492e+02  2.000000e+02
 12 -2.942389e-01  5.851078e-02  1.753823e+00  1.944874e-01 -1.356360e-01  7.000000e-01  1.361412e-01  9.494518e-02 -3.931045e-01  9.118792e+01  1.628909e+02  1.721520e+02  1.721520e+02  2.000000e+02
 13 -1.572525e-01 -2.456678e-03  1.413136e+00  1.956949e-01 -8.709637e-02  7.000000e-01  1.369865e-01  6.096746e-02 -3.406873e-01  9.136826e+01  8.248833e+01  1.176956e+02  1.176956e+02  2.000000e+02
 14 -3.141336e-02 -2.300418e-02  1.121370e+00  1.797701e-01 -2.935358e-02  7.000000e-01  1.258391e-01  2.054750e-02 -2.917655e-01  9.108167e+01  3.265747e+01  6.290098e+01  6.290098e+01  2.000000e+02
 15  9.309767e-02 -1.403312e-02  8.740022e-01  1.778729e-01  1.281580e-02  7.000000e-01  1.245110e-01  8.971063e-03 -2.473681e-01  8.813615e+01  1.238663e+01  1.256534e+01  1.256534e+01  2.000000e+02
 16  2.076788e-01  2.319156e-02  6.675290e-01  1.636873e-01  5.317810e-02  7.000000e-01  1.145811e-01  3.722467e-02 -2.064732e-01  8.791889e+01  1.801466e+01 -3.723907e+01 -3.723907e+01  2.000000e+02
 17  3.188665e-01  8.333146e-02  4.975945e-01  1.588396e-01  8.591415e-02  7.000000e-01  1.111877e-01  6.013990e-02 -1.699345e-01  8.747946e+01  4.448074e+01 -8.307151e+01 -8.307151e+01  2.000000e+02
 18  4.209794e-01  1.612933e-01  3.606425e-01  1.458756e-01  1.113740e-01  7.000000e-01  1.021129e-01  7.796183e-02 -1.369520e-01  8.734215e+01  9.067923e+01 -1.275466e+02 -1.275466e+02  2.000000e+02
 19  5.177947e-01  2.539590e-01  2.525507e-01  1.383075e-01  1.323796e-01  7.000000e-01  9.681528e-02  9.266573e-02 -1.080917e-01  8.703869e+01  1.501519e+02 -1.683918e+02 -1.683918e+02  2.000000e+02
 20  6.630532e-01  4.207190e-01  1.493320e-01  1.258739e-01  1.445060e-01  1.154000e+00  1.452586e-01  1.667600e-01 -1.032188e-01  8.694476e+01  2.221508e+02 -2.071179e+02 -2.071179e+02  2.000000e+02
 21  8.786097e-01  7.644824e-01  2.031957e-02  7.042433e-02  1.123108e-01  3.060824e+00  2.155565e-01  3.437634e-01 -1.290124e-01  8.873837e+01  3.612807e+02 -2.652213e+02 -2.652213e+02  2.000000e+02
 22  9.515923e-01  9.039378e-01  2.596167e-03  4.865508e-02  9.297024e-02  1.500000e+00  7.298262e-02  1.394554e-01 -1.772340e-02  8.797704e+01  6.225538e+02 -3.514439e+02 -3.514439e+02  2.000000e+02
 23  9.937016e-01  9.859033e-01  2.767104e-04  3.671606e-02  7.146761e-02  1.146891e+00  4.210932e-02  8.196555e-02 -2.319456e-03  8.268118e+01  7.270592e+02 -3.806369e+02 -3.806369e+02  2.000000e+02
 24  9.970715e-01  9.936784e-01  3.097162e-05  4.814127e-03  1.110723e-02  7.000000e-01  3.369889e-03  7.775058e-03 -2.457388e-04  8.904334e+01  7.925710e+02 -3.974807e+02 -3.974807e+02  2.000000e+02
 25  9.989435e-01  9.977427e-01  3.232475e-06  2.674295e-03  5.806167e-03  7.000000e-01  1.872006e-03  4.064317e-03 -2.773914e-05  8.833167e+01  7.975114e+02 -3.988286e+02 -3.988286e+02  2.000000e+02
 26  9.996619e-01  9.992797e-01  3.093305e-07  1.026211e-03  2.195729e-03  7.000000e-01  7.183475e-04  1.537011e-03 -2.923145e-06  8.793171e+01  8.003695e+02 -3.995774e+02 -3.995774e+02  2.000000e+02
 27  9.998964e-01  9.997795e-01  2.842977e-08  3.350327e-04  7.139979e-04  7.000000e-01  2.345229e-04  4.997985e-04 -2.809008e-07  8.777906e+01  8.014776e+02 -3.998647e+02 -3.998647e+02  2.000000e+02
 28  9.999687e-01  9.999334e-01  2.576667e-09  1.032870e-04  2.198553e-04  7.000000e-01  7.230090e-05  1.538987e-04 -2.585311e-08  8.772813e+01  8.018404e+02 -3.999586e+02 -3.999586e+02  2.000000e+02
 29  9.999906e-01  9.999800e-01  2.325077e-10  3.126496e-05  6.652400e-05  7.000000e-01  2.188547e-05  4.656680e-05 -2.344159e-09  8.771099e+01  8.019523e+02 -3.999875e+02 -3.999875e+02  2.000000e+02
 30  9.999972e-01  9.999940e-01  2.095263e-11  9.410915e-06  2.002094e-05  7.000000e-01  6.587640e-06  1.401466e-05 -2.115551e-10  8.770434e+01  8.019862e+02 -3.999962e+02 -3.999962e+02  2.000000e+02
 31  9.999992e-01  9.999982e-01  1.887388e-12  2.827972e-06  6.015758e-06  7.000000e-01  1.979580e-06  4.211031e-06 -1.906524e-11  8.770084e+01  8.019964e+02 -3.999989e+02 -3.999989e+02  2.000000e+02
 32  9.999997e-01  9.999995e-01  1.699951e-13  8.493516e-07  1.806655e-06  7.000000e-01  5.945461e-07  1.264658e-06 -1.717393e-12  8.769834e+01  8.019995e+02 -3.999997e+02 -3.999997e+02  2.000000e+02
 33  9.999999e-01  9.999998e-01  1.531072e-14  2.550603e-07  5.425068e-07  7.000000e-01  1.785422e-07  3.797547e-07 -1.546844e-13  8.769608e+01  8.020004e+02 -3.999999e+02 -3.999999e+02  2.000000e+02

  k             x             y       f(x, y)            Sx            Sy        lambda |xk - x(k-1)| |yk - y(k-1)| |fk - f(k-1)|         angle           H00           H01           H10           H11
  1 -2.472558e+00  6.120942e+00  1.206413e+01  7.980000e+02 -2.000000e+02 -5.604710e-03  4.472558e+00  1.120942e+00 -8.893587e+01  1.260663e+02  2.802001e+03 -8.000000e+02 -8.000000e+02  2.000000e+02
  2 -2.472951e+00  6.119374e+00  1.206290e+01 -3.707878e-01 -1.479421e+00  1.059579e-03  3.928791e-04  1.567564e-03 -1.232432e-03  1.439252e+02  4.889878e+03  9.890233e+02  9.890233e+02  2.000000e+02
  3 -2.215552e+00  4.846239e+00  1.072955e+01  1.556737e+01 -7.699857e+01  1.653454e-02  2.573992e-01  1.273136e+00 -1.333350e+00     -nan(ind)  4.892836e+03  9.891805e+02  9.891805e+02  2.000000e+02
  4 -1.901019e+00  3.534871e+00  9.040029e+00  2.384224e-01 -9.940425e-01  1.319227e+00  3.145334e-01  1.311368e+00 -1.689523e+00  9.089881e+01  3.953910e+03  8.862208e+02  8.862208e+02  2.000000e+02
  5 -1.478842e+00  2.122893e+00  6.555285e+00  1.726729e-01 -5.775074e-01  2.444952e+00  4.221769e-01  1.411978e+00 -2.484744e+00  9.048427e+01  2.924699e+03  7.604075e+02  7.604075e+02  2.000000e+02
  6 -1.209724e+00  1.423049e+00  5.045969e+00  1.794116e-01 -4.665625e-01  1.500000e+00  2.691174e-01  6.998437e-01 -1.509316e+00  9.060408e+01  1.777211e+03  5.915367e+02  5.915367e+02  2.000000e+02
  7 -1.039318e+00  1.039029e+00  4.328180e+00  2.434373e-01 -5.486002e-01  7.000000e-01  1.704061e-01  3.840201e-01 -7.177891e-01  9.126909e+01  1.188901e+03  4.838898e+02  4.838898e+02  2.000000e+02
  8 -8.846755e-01  7.463903e-01  3.683484e+00  2.209183e-01 -4.180554e-01  7.000000e-01  1.546428e-01  2.926388e-01 -6.446963e-01  9.110524e+01  8.826082e+02  4.157273e+02  4.157273e+02  2.000000e+02
  9 -7.248117e-01  4.889174e-01  3.107723e+00  2.283769e-01 -3.678184e-01  7.000000e-01  1.598638e-01  2.574729e-01 -5.757605e-01  9.124945e+01  6.426256e+02  3.538702e+02  3.538702e+02  2.000000e+02
 10 -5.791229e-01  3.032277e-01  2.597027e+00  2.081268e-01 -2.652709e-01  7.000000e-01  1.456888e-01  1.856897e-01 -5.106958e-01  9.111531e+01  4.368562e+02  2.899247e+02  2.899247e+02  2.000000e+02
 11 -4.303801e-01  1.534560e-01  2.146927e+00  2.124897e-01 -2.139597e-01  7.000000e-01  1.487428e-01  1.497718e-01 -4.500999e-01  9.125649e+01  2.831697e+02  2.316492e+02  2.316492e+02  2.000000e+02
 12 -2.942389e-01  5.851078e-02  1.753823e+00  1.944874e-01 -1.356360e-01  7.000000e-01  1.361412e-01  9.494518e-02 -3.931045e-01  9.118792e+01  1.628909e+02  1.721520e+02  1.721520e+02  2.000000e+02
 13 -1.572525e-01 -2.456678e-03  1.413136e+00  1.956949e-01 -8.709637e-02  7.000000e-01  1.369865e-01  6.096746e-02 -3.406873e-01  9.136826e+01  8.248833e+01  1.176956e+02  1.176956e+02  2.000000e+02
 14 -3.141336e-02 -2.300418e-02  1.121370e+00  1.797701e-01 -2.935358e-02  7.000000e-01  1.258391e-01  2.054750e-02 -2.917655e-01  9.108167e+01  3.265747e+01  6.290098e+01  6.290098e+01  2.000000e+02
 15  9.309767e-02 -1.403312e-02  8.740022e-01  1.778729e-01  1.281580e-02  7.000000e-01  1.245110e-01  8.971063e-03 -2.473681e-01  8.813615e+01  1.238663e+01  1.256534e+01  1.256534e+01  2.000000e+02
 16  2.076788e-01  2.319156e-02  6.675290e-01  1.636873e-01  5.317810e-02  7.000000e-01  1.145811e-01  3.722467e-02 -2.064732e-01  8.791889e+01  1.801466e+01 -3.723907e+01 -3.723907e+01  2.000000e+02
 17  3.188665e-01  8.333146e-02  4.975945e-01  1.588396e-01  8.591415e-02  7.000000e-01  1.111877e-01  6.013990e-02 -1.699345e-01  8.747946e+01  4.448074e+01 -8.307151e+01 -8.307151e+01  2.000000e+02
 18  4.209794e-01  1.612933e-01  3.606425e-01  1.458756e-01  1.113740e-01  7.000000e-01  1.021129e-01  7.796183e-02 -1.369520e-01  8.734215e+01  9.067923e+01 -1.275466e+02 -1.275466e+02  2.000000e+02
 19  5.177947e-01  2.539590e-01  2.525507e-01  1.383075e-01  1.323796e-01  7.000000e-01  9.681528e-02  9.266573e-02 -1.080917e-01  8.703869e+01  1.501519e+02 -1.683918e+02 -1.683918e+02  2.000000e+02
 20  6.630532e-01  4.207190e-01  1.493320e-01  1.258739e-01  1.445060e-01  1.154000e+00  1.452586e-01  1.667600e-01 -1.032188e-01  8.694476e+01  2.221508e+02 -2.071179e+02 -2.071179e+02  2.000000e+02
 21  8.786097e-01  7.644824e-01  2.031957e-02  7.042433e-02  1.123108e-01  3.060824e+00  2.155565e-01  3.437634e-01 -1.290124e-01  8.873837e+01  3.612807e+02 -2.652213e+02 -2.652213e+02  2.000000e+02
 22  9.515923e-01  9.039378e-01  2.596167e-03  4.865508e-02  9.297024e-02  1.500000e+00  7.298262e-02  1.394554e-01 -1.772340e-02  8.797704e+01  6.225538e+02 -3.514439e+02 -3.514439e+02  2.000000e+02
 23  9.937016e-01  9.859033e-01  2.767104e-04  3.671606e-02  7.146761e-02  1.146891e+00  4.210932e-02  8.196555e-02 -2.319456e-03  8.268118e+01  7.270592e+02 -3.806369e+02 -3.806369e+02  2.000000e+02
 24  9.970715e-01  9.936784e-01  3.097162e-05  4.814127e-03  1.110723e-02  7.000000e-01  3.369889e-03  7.775058e-03 -2.457388e-04  8.904334e+01  7.925710e+02 -3.974807e+02 -3.974807e+02  2.000000e+02
 25  9.989435e-01  9.977427e-01  3.232475e-06  2.674295e-03  5.806167e-03  7.000000e-01  1.872006e-03  4.064317e-03 -2.773914e-05  8.833167e+01  7.975114e+02 -3.988286e+02 -3.988286e+02  2.000000e+02
 26  9.996619e-01  9.992797e-01  3.093305e-07  1.026211e-03  2.195729e-03  7.000000e-01  7.183475e-04  1.537011e-03 -2.923145e-06  8.793171e+01  8.003695e+02 -3.995774e+02 -3.995774e+02  2.000000e+02
 27  9.998964e-01  9.997795e-01  2.842977e-08  3.350327e-04  7.139979e-04  7.000000e-01  2.345229e-04  4.997985e-04 -2.809008e-07  8.777906e+01  8.014776e+02 -3.998647e+02 -3.998647e+02  2.000000e+02
 28  9.999687e-01  9.999334e-01  2.576667e-09  1.032870e-04  2.198553e-04  7.000000e-01  7.230090e-05  1.538987e-04 -2.585311e-08  8.772813e+01  8.018404e+02 -3.999586e+02 -3.999586e+02  2.000000e+02
 29  9.999906e-01  9.999800e-01  2.325077e-10  3.126496e-05  6.652400e-05  7.000000e-01  2.188547e-05  4.656680e-05 -2.344159e-09  8.771099e+01  8.019523e+02 -3.999875e+02 -3.999875e+02  2.000000e+02
 30  9.999972e-01  9.999940e-01  2.095263e-11  9.410915e-06  2.002094e-05  7.000000e-01  6.587640e-06  1.401466e-05 -2.115551e-10  8.770434e+01  8.019862e+02 -3.999962e+02 -3.999962e+02  2.000000e+02
 31  9.999992e-01  9.999982e-01  1.887388e-12  2.827972e-06  6.015758e-06  7.000000e-01  1.979580e-06  4.211031e-06 -1.906524e-11  8.770084e+01  8.019964e+02 -3.999989e+02 -3.999989e+02  2.000000e+02
 32  9.999997e-01  9.999995e-01  1.699951e-13  8.493516e-07  1.806655e-06  7.000000e-01  5.945461e-07  1.264658e-06 -1.717393e-12  8.769834e+01  8.019995e+02 -3.999997e+02 -3.999997e+02  2.000000e+02
 33  9.999999e-01  9.999998e-01  1.531072e-14  2.550603e-07  5.425068e-07  7.000000e-01  1.785422e-07  3.797547e-07 -1.546844e-13  8.769608e+01  8.020004e+02 -3.999999e+02 -3.999999e+02  2.000000e+02
 34  1.000000e+00  1.000000e+00  1.378962e-15  7.659070e-08  1.628973e-07  7.000000e-01  5.361349e-08  1.140281e-07 -1.393176e-14  8.769392e+01  8.020007e+02 -4.000000e+02 -4.000000e+02  2.000000e+02
 35  1.000000e+00  1.000000e+00  1.241957e-16  2.299891e-08  4.891259e-08  7.000000e-01  1.609924e-08  3.423882e-08 -1.254766e-15  8.769176e+01  8.020008e+02 -4.000000e+02 -4.000000e+02  2.000000e+02

  k             x             y       f(x, y)            Sx            Sy        lambda |xk - x(k-1)| |yk - y(k-1)| |fk - f(k-1)|         angle           H00           H01           H10           H11
  1  9.523311e-01  2.899709e+00 -2.400372e+00 -1.662967e-01 -3.333796e-01  6.300000e+00  1.047669e+00  2.100291e+00 -1.400372e+00  1.716704e+02  1.111112e-01 -1.111111e-01 -1.111111e-01 -1.250000e-01
  2  1.306813e+00  1.517550e+00 -3.510328e+00  2.363211e-01 -9.214394e-01  1.500000e+00  3.544816e-01  1.382159e+00 -1.109956e+00  1.248826e+02  1.736715e+00  1.309599e-01  1.309599e-01 -2.637138e-01
  3  1.023387e+00  1.099380e+00 -3.827030e+00 -5.459613e-01 -8.055168e-01  5.191322e-01  2.834261e-01  4.181697e-01 -3.167024e-01  1.374131e+02  3.160294e+00 -6.349259e-01 -6.349259e-01  1.028455e+00
  4  1.025054e+00  1.096016e+00 -3.827061e+00  2.382123e-03 -4.805897e-03  7.000000e-01  1.667486e-03  3.364128e-03 -3.049278e-05  9.649333e+01  6.051219e+00 -6.458489e-02 -6.458489e-02  1.584824e+00
  5  1.025577e+00  1.094998e+00 -3.827063e+00  7.467723e-04 -1.453868e-03  7.000000e-01  5.227406e-04  1.017708e-03 -2.208079e-06  9.610343e+01  6.050438e+00 -6.513536e-02 -6.513536e-02  1.585651e+00
  6  1.025647e+00  1.094866e+00 -3.827063e+00  2.341255e-04 -4.402836e-04  3.000000e-01  7.023764e-05  1.320851e-04 -3.568638e-08  9.574198e+01  6.050118e+00 -6.529831e-02 -6.529831e-02  1.585886e+00

  k             x             y       f(x, y)            Sx            Sy        lambda |xk - x(k-1)| |yk - y(k-1)| |fk - f(k-1)|         angle           H00           H01           H10           H11
  1  9.523311e-01  2.899709e+00 -2.400372e+00 -1.662967e-01 -3.333796e-01  6.300000e+00  1.047669e+00  2.100291e+00 -1.400372e+00  1.716704e+02  1.111112e-01 -1.111111e-01 -1.111111e-01 -1.250000e-01
  2  1.306813e+00  1.517550e+00 -3.510328e+00  2.363211e-01 -9.214394e-01  1.500000e+00  3.544816e-01  1.382159e+00 -1.109956e+00  1.248826e+02  1.736715e+00  1.309599e-01  1.309599e-01 -2.637138e-01
  3  1.023387e+00  1.099380e+00 -3.827030e+00 -5.459613e-01 -8.055168e-01  5.191322e-01  2.834261e-01  4.181697e-01 -3.167024e-01  1.374131e+02  3.160294e+00 -6.349259e-01 -6.349259e-01  1.028455e+00
  4  1.025054e+00  1.096016e+00 -3.827061e+00  2.382123e-03 -4.805897e-03  7.000000e-01  1.667486e-03  3.364128e-03 -3.049278e-05  9.649333e+01  6.051219e+00 -6.458489e-02 -6.458489e-02  1.584824e+00
  5  1.025577e+00  1.094998e+00 -3.827063e+00  7.467723e-04 -1.453868e-03  7.000000e-01  5.227406e-04  1.017708e-03 -2.208079e-06  9.610343e+01  6.050438e+00 -6.513536e-02 -6.513536e-02  1.585651e+00
  6  1.025647e+00  1.094866e+00 -3.827063e+00  2.341255e-04 -4.402836e-04  3.000000e-01  7.023764e-05  1.320851e-04 -3.568638e-08  9.574198e+01  6.050118e+00 -6.529831e-02 -6.529831e-02  1.585886e+00
  7  1.025654e+00  1.094854e+00 -3.827063e+00  1.652438e-04 -3.087472e-04  4.001467e-02  6.612176e-06  1.235442e-05 -2.581899e-10  9.567548e+01  6.050070e+00 -6.532027e-02 -6.532027e-02  1.585916e+00

  k             x             y       f(x, y)            Sx            Sy        lambda |xk - x(k-1)| |yk - y(k-1)| |fk - f(k-1)|         angle           H00           H01           H10           H11
  1  9.523311e-01  2.899709e+00 -2.400372e+00 -1.662967e-01 -3.333796e-01  6.300000e+00  1.047669e+00  2.100291e+00 -1.400372e+00  1.716704e+02  1.111112e-01 -1.111111e-01 -1.111111e-01 -1.250000e-01
  2  1.306813e+00  1.517550e+00 -3.510328e+00  2.363211e-01 -9.214394e-01  1.500000e+00  3.544816e-01  1.382159e+00 -1.109956e+00  1.248826e+02  1.736715e+00  1.309599e-01  1.309599e-01 -2.637138e-01
  3  1.023387e+00  1.099380e+00 -3.827030e+00 -5.459613e-01 -8.055168e-01  5.191322e-01  2.834261e-01  4.181697e-01 -3.167024e-01  1.374131e+02  3.160294e+00 -6.349259e-01 -6.349259e-01  1.028455e+00
  4  1.025054e+00  1.096016e+00 -3.827061e+00  2.382123e-03 -4.805897e-03  7.000000e-01  1.667486e-03  3.364128e-03 -3.049278e-05  9.649333e+01  6.051219e+00 -6.458489e-02 -6.458489e-02  1.584824e+00
  5  1.025577e+00  1.094998e+00 -3.827063e+00  7.467723e-04 -1.453868e-03  7.000000e-01  5.227406e-04  1.017708e-03 -2.208079e-06  9.610343e+01  6.050438e+00 -6.513536e-02 -6.513536e-02  1.585651e+00
  6  1.025647e+00  1.094866e+00 -3.827063e+00  2.341255e-04 -4.402836e-04  3.000000e-01  7.023764e-05  1.320851e-04 -3.568638e-08  9.574198e+01  6.050118e+00 -6.529831e-02 -6.529831e-02  1.585886e+00
  7  1.025654e+00  1.094854e+00 -3.827063e+00  1.652438e-04 -3.087472e-04  4.001467e-02  6.612176e-06  1.235442e-05 -2.581899e-10  9.567548e+01  6.050070e+00 -6.532027e-02 -6.532027e-02  1.585916e+00
  8  1.025654e+00  1.094854e+00 -3.827063e+00  1.587593e-04 -2.964443e-04 -6.026248e-04  9.567228e-08  1.786447e-07 -6.039613e-14  9.566902e+01  6.050066e+00 -6.532234e-02 -6.532234e-02  1.585919e+00

  k             x             y       f(x, y)            Sx            Sy        lambda |xk - x(k-1)| |yk - y(k-1)| |fk - f(k-1)|         angle           H00           H01           H10           H11
  1  9.523311e-01  2.899709e+00 -2.400372e+00 -1.662967e-01 -3.333796e-01  6.300000e+00  1.047669e+00  2.100291e+00 -1.400372e+00  1.716704e+02  1.111112e-01 -1.111111e-01 -1.111111e-01 -1.250000e-01
  2  1.306813e+00  1.517550e+00 -3.510328e+00  2.363211e-01 -9.214394e-01  1.500000e+00  3.544816e-01  1.382159e+00 -1.109956e+00  1.248826e+02  1.736715e+00  1.309599e-01  1.309599e-01 -2.637138e-01
  3  1.023387e+00  1.099380e+00 -3.827030e+00 -5.459613e-01 -8.055168e-01  5.191322e-01  2.834261e-01  4.181697e-01 -3.167024e-01  1.374131e+02  3.160294e+00 -6.349259e-01 -6.349259e-01  1.028455e+00
  4  1.025054e+00  1.096016e+00 -3.827061e+00  2.382123e-03 -4.805897e-03  7.000000e-01  1.667486e-03  3.364128e-03 -3.049278e-05  9.649333e+01  6.051219e+00 -6.458489e-02 -6.458489e-02  1.584824e+00
  5  1.025577e+00  1.094998e+00 -3.827063e+00  7.467723e-04 -1.453868e-03  7.000000e-01  5.227406e-04  1.017708e-03 -2.208079e-06  9.610343e+01  6.050438e+00 -6.513536e-02 -6.513536e-02  1.585651e+00
  6  1.025647e+00  1.094866e+00 -3.827063e+00  2.341255e-04 -4.402836e-04  3.000000e-01  7.023764e-05  1.320851e-04 -3.568638e-08  9.574198e+01  6.050118e+00 -6.529831e-02 -6.529831e-02  1.585886e+00
  7  1.025654e+00  1.094854e+00 -3.827063e+00  1.652438e-04 -3.087472e-04  4.001467e-02  6.612176e-06  1.235442e-05 -2.581899e-10  9.567548e+01  6.050070e+00 -6.532027e-02 -6.532027e-02  1.585916e+00
  8  1.025654e+00  1.094854e+00 -3.827063e+00  1.587593e-04 -2.964443e-04 -6.026248e-04  9.567228e-08  1.786447e-07 -6.039613e-14  9.566902e+01  6.050066e+00 -6.532234e-02 -6.532234e-02  1.585919e+00

  k             x             y       f(x, y)            Sx            Sy        lambda |xk - x(k-1)| |yk - y(k-1)| |fk - f(k-1)|         angle           H00           H01           H10           H11
  1  9.523311e-01  2.899709e+00 -2.400372e+00 -1.662967e-01 -3.333796e-01  6.300000e+00  1.047669e+00  2.100291e+00 -1.400372e+00  1.716704e+02  1.111112e-01 -1.111111e-01 -1.111111e-01 -1.250000e-01
  2  1.306813e+00  1.517550e+00 -3.510328e+00  2.363211e-01 -9.214394e-01  1.500000e+00  3.544816e-01  1.382159e+00 -1.109956e+00  1.248826e+02  1.736715e+00  1.309599e-01  1.309599e-01 -2.637138e-01
  3  1.023387e+00  1.099380e+00 -3.827030e+00 -5.459613e-01 -8.055168e-01  5.191322e-01  2.834261e-01  4.181697e-01 -3.167024e-01  1.374131e+02  3.160294e+00 -6.349259e-01 -6.349259e-01  1.028455e+00
  4  1.025054e+00  1.096016e+00 -3.827061e+00  2.382123e-03 -4.805897e-03  7.000000e-01  1.667486e-03  3.364128e-03 -3.049278e-05  9.649333e+01  6.051219e+00 -6.458489e-02 -6.458489e-02  1.584824e+00
  5  1.025577e+00  1.094998e+00 -3.827063e+00  7.467723e-04 -1.453868e-03  7.000000e-01  5.227406e-04  1.017708e-03 -2.208079e-06  9.610343e+01  6.050438e+00 -6.513536e-02 -6.513536e-02  1.585651e+00
  6  1.025647e+00  1.094866e+00 -3.827063e+00  2.341255e-04 -4.402836e-04  3.000000e-01  7.023764e-05  1.320851e-04 -3.568638e-08  9.574198e+01  6.050118e+00 -6.529831e-02 -6.529831e-02  1.585886e+00
  7  1.025654e+00  1.094854e+00 -3.827063e+00  1.652438e-04 -3.087472e-04  4.001467e-02  6.612176e-06  1.235442e-05 -2.581899e-10  9.567548e+01  6.050070e+00 -6.532027e-02 -6.532027e-02  1.585916e+00
  8  1.025654e+00  1.094854e+00 -3.827063e+00  1.587593e-04 -2.964443e-04 -6.026248e-04  9.567228e-08  1.786447e-07 -6.039613e-14  9.566902e+01  6.050066e+00 -6.532234e-02 -6.532234e-02  1.585919e+00
  9  1.025654e+00  1.094854e+00 -3.827063e+00  1.588531e-04 -2.966222e-04  1.730703e-05  2.749275e-09  5.133648e-09  0.000000e+00  9.566911e+01  6.050066e+00 -6.532231e-02 -6.532231e-02  1.585919e+00

