  k             x             y       f(x, y)            Sx            Sy        lambda |xk - x(k-1)| |yk - y(k-1)| |fk - f(k-1)|         angle           H00           H01           H10           H11
  1  1.300000e+00  2.200000e+00  8.109000e+01 -9.999998e-01 -4.000000e+00  7.000000e-01  6.999999e-01  2.800000e+00 -8.199100e+02  9.026733e+01  2.020000e+02 -2.000000e+02 -2.000000e+02  2.000000e+02
  2  1.090000e+00  1.360000e+00  7.298100e+00 -3.000001e-01 -1.200000e+00  7.000000e-01  2.100001e-01  8.400001e-01 -7.379190e+01  9.025341e+01  2.020000e+02 -2.000000e+02 -2.000000e+02  2.000000e+02
  3  1.027000e+00  1.108000e+00  6.568290e-01 -9.000004e-02 -3.600000e-01  7.000000e-01  6.300003e-02  2.520000e-01 -6.641271e+00  9.024440e+01  2.020000e+02 -2.000000e+02 -2.000000e+02  2.000000e+02
  4  1.008100e+00  1.032400e+00  5.911461e-02 -2.700001e-02 -1.080000e-01  7.000000e-01  1.890001e-02  7.560001e-02 -5.977144e-01  9.024082e+01  2.020000e+02 -2.000000e+02 -2.000000e+02  2.000000e+02
  5  1.002430e+00  1.009720e+00  5.320315e-03 -8.100004e-03 -3.240000e-02  7.000000e-01  5.670003e-03  2.268000e-02 -5.379430e-02  9.023965e+01  2.020000e+02 -2.000000e+02 -2.000000e+02  2.000000e+02
  6  1.000729e+00  1.002916e+00  4.788283e-04 -2.430001e-03 -9.720001e-03  7.000000e-01  1.701001e-03  6.804001e-03 -4.841487e-03  9.023929e+01  2.020000e+02 -2.000000e+02 -2.000000e+02  2.000000e+02
  7  1.000219e+00  1.000875e+00  4.309455e-05 -7.290004e-04 -2.916000e-03  7.000000e-01  5.103002e-04  2.041200e-03 -4.357338e-04  9.023918e+01  2.020000e+02 -2.000000e+02 -2.000000e+02  2.000000e+02
  8  1.000066e+00  1.000262e+00  3.878510e-06 -2.187001e-04 -8.748001e-04  7.000000e-01  1.530901e-04  6.123601e-04 -3.921604e-05  9.023915e+01  2.020000e+02 -2.000000e+02 -2.000000e+02  2.000000e+02

  k             x             y       f(x, y)            Sx            Sy        lambda |xk - x(k-1)| |yk - y(k-1)| |fk - f(k-1)|         angle           H00           H01           H10           H11
  1  1.300000e+00  2.200000e+00  8.109000e+01 -9.999998e-01 -4.000000e+00  7.000000e-01  6.999999e-01  2.800000e+00 -8.199100e+02  9.026733e+01  2.020000e+02 -2.000000e+02 -2.000000e+02  2.000000e+02
  2  1.090000e+00  1.360000e+00  7.298100e+00 -3.000001e-01 -1.200000e+00  7.000000e-01  2.100001e-01  8.400001e-01 -7.379190e+01  9.025341e+01  2.020000e+02 -2.000000e+02 -2.000000e+02  2.000000e+02
  3  1.027000e+00  1.108000e+00  6.568290e-01 -9.000004e-02 -3.600000e-01  7.000000e-01  6.300003e-02  2.520000e-01 -6.641271e+00  9.024440e+01  2.020000e+02 -2.000000e+02 -2.000000e+02  2.000000e+02
  4  1.008100e+00  1.032400e+00  5.911461e-02 -2.700001e-02 -1.080000e-01  7.000000e-01  1.890001e-02  7.560001e-02 -5.977144e-01  9.024082e+01  2.020000e+02 -2.000000e+02 -2.000000e+02  2.000000e+02
  5  1.002430e+00  1.009720e+00  5.320315e-03 -8.100004e-03 -3.240000e-02  7.000000e-01  5.670003e-03  2.268000e-02 -5.379430e-02  9.023965e+01  2.020000e+02 -2.000000e+02 -2.000000e+02  2.000000e+02
  6  1.000729e+00  1.002916e+00  4.788283e-04 -2.430001e-03 -9.720001e-03  7.000000e-01  1.701001e-03  6.804001e-03 -4.841487e-03  9.023929e+01  2.020000e+02 -2.000000e+02 -2.000000e+02  2.000000e+02
  7  1.000219e+00  1.000875e+00  4.309455e-05 -7.290004e-04 -2.916000e-03  7.000000e-01  5.103002e-04  2.041200e-03 -4.357338e-04  9.023918e+01  2.020000e+02 -2.000000e+02 -2.000000e+02  2.000000e+02
  8  1.000066e+00  1.000262e+00  3.878510e-06 -2.187001e-04 -8.748001e-04  7.000000e-01  1.530901e-04  6.123601e-04 -3.921604e-05  9.023915e+01  2.020000e+02 -2.000000e+02 -2.000000e+02  2.000000e+02
  9  1.000020e+00  1.000079e+00  3.490659e-07 -6.561003e-05 -2.624400e-04  7.000000e-01  4.592702e-05  1.837080e-04 -3.529444e-06  9.023914e+01  2.020000e+02 -2.000000e+02 -2.000000e+02  2.000000e+02
 10  1.000006e+00  1.000024e+00  3.141593e-08 -1.968301e-05 -7.873201e-05  7.000000e-01  1.377811e-05  5.511241e-05 -3.176499e-07  9.023913e+01  2.020000e+02 -2.000000e+02 -2.000000e+02  2.000000e+02

  k             x             y       f(x, y)            Sx            Sy        lambda |xk - x(k-1)| |yk - y(k-1)| |fk - f(k-1)|         angle           H00           H01           H10           H11
  1  1.300000e+00  2.200000e+00  8.109000e+01 -9.999998e-01 -4.000000e+00  7.000000e-01  6.999999e-01  2.800000e+00 -8.199100e+02  9.026733e+01  2.020000e+02 -2.000000e+02 -2.000000e+02  2.000000e+02
  2  1.090000e+00  1.360000e+00  7.298100e+00 -3.000001e-01 -1.200000e+00  7.000000e-01  2.100001e-01  8.400001e-01 -7.379190e+01  9.025341e+01  2.020000e+02 -2.000000e+02 -2.000000e+02  2.000000e+02
  3  1.027000e+00  1.108000e+00  6.568290e-01 -9.000004e-02 -3.600000e-01  7.000000e-01  6.300003e-02  2.520000e-01 -6.641271e+00  9.024440e+01  2.020000e+02 -2.000000e+02 -2.000000e+02  2.000000e+02
  4  1.008100e+00  1.032400e+00  5.911461e-02 -2.700001e-02 -1.080000e-01  7.000000e-01  1.890001e-02  7.560001e-02 -5.977144e-01  9.024082e+01  2.020000e+02 -2.000000e+02 -2.000000e+02  2.000000e+02
  5  1.002430e+00  1.009720e+00  5.320315e-03 -8.100004e-03 -3.240000e-02  7.000000e-01  5.670003e-03  2.268000e-02 -5.379430e-02  9.023965e+01  2.020000e+02 -2.000000e+02 -2.000000e+02  2.000000e+02
  6  1.000729e+00  1.002916e+00  4.788283e-04 -2.430001e-03 -9.720001e-03  7.000000e-01  1.701001e-03  6.804001e-03 -4.841487e-03  9.023929e+01  2.020000e+02 -2.000000e+02 -2.000000e+02  2.000000e+02
  7  1.000219e+00  1.000875e+00  4.309455e-05 -7.290004e-04 -2.916000e-03  7.000000e-01  5.103002e-04  2.041200e-03 -4.357338e-04  9.023918e+01  2.020000e+02 -2.000000e+02 -2.000000e+02  2.000000e+02
  8  1.000066e+00  1.000262e+00  3.878510e-06 -2.187001e-04 -8.748001e-04  7.000000e-01  1.530901e-04  6.123601e-04 -3.921604e-05  9.023915e+01  2.020000e+02 -2.000000e+02 -2.000000e+02  2.000000e+02
  9  1.000020e+00  1.000079e+00  3.490659e-07 -6.561003e-05 -2.624400e-04  7.000000e-01  4.592702e-05  1.837080e-04 -3.529444e-06  9.023914e+01  2.020000e+02 -2.000000e+02 -2.000000e+02  2.000000e+02
 10  1.000006e+00  1.000024e+00  3.141593e-08 -1.968301e-05 -7.873201e-05  7.000000e-01  1.377811e-05  5.511241e-05 -3.176499e-07  9.023913e+01  2.020000e+02 -2.000000e+02 -2.000000e+02  2.000000e+02
 11  1.000002e+00  1.000007e+00  2.827433e-09 -5.904903e-06 -2.361960e-05  7.000000e-01  4.133432e-06  1.653372e-05 -2.858849e-08  9.023913e+01  2.020000e+02 -2.000000e+02 -2.000000e+02  2.000000e+02
 12  1.000001e+00  1.000002e+00  2.544690e-10 -1.771471e-06 -7.085881e-06  7.000000e-01  1.240030e-06  4.960117e-06 -2.572964e-09  9.023913e+01  2.020000e+02 -2.000000e+02 -2.000000e+02  2.000000e+02

  k             x             y       f(x, y)            Sx            Sy        lambda |xk - x(k-1)| |yk - y(k-1)| |fk - f(k-1)|         angle           H00           H01           H10           H11
  1  1.300000e+00  2.200000e+00  8.109000e+01 -9.999998e-01 -4.000000e+00  7.000000e-01  6.999999e-01  2.800000e+00 -8.199100e+02  9.026733e+01  2.020000e+02 -2.000000e+02 -2.000000e+02  2.000000e+02
  2  1.090000e+00  1.360000e+00  7.298100e+00 -3.000001e-01 -1.200000e+00  7.000000e-01  2.100001e-01  8.400001e-01 -7.379190e+01  9.025341e+01  2.020000e+02 -2.000000e+02 -2.000000e+02  2.000000e+02
  3  1.027000e+00  1.108000e+00  6.568290e-01 -9.000004e-02 -3.600000e-01  7.000000e-01  6.300003e-02  2.520000e-01 -6.641271e+00  9.024440e+01  2.020000e+02 -2.000000e+02 -2.000000e+02  2.000000e+02
  4  1.008100e+00  1.032400e+00  5.911461e-02 -2.700001e-02 -1.080000e-01  7.000000e-01  1.890001e-02  7.560001e-02 -5.977144e-01  9.024082e+01  2.020000e+02 -2.000000e+02 -2.000000e+02  2.000000e+02
  5  1.002430e+00  1.009720e+00  5.320315e-03 -8.100004e-03 -3.240000e-02  7.000000e-01  5.670003e-03  2.268000e-02 -5.379430e-02  9.023965e+01  2.020000e+02 -2.000000e+02 -2.000000e+02  2.000000e+02
  6  1.000729e+00  1.002916e+00  4.788283e-04 -2.430001e-03 -9.720001e-03  7.000000e-01  1.701001e-03  6.804001e-03 -4.841487e-03  9.023929e+01  2.020000e+02 -2.000000e+02 -2.000000e+02  2.000000e+02
  7  1.000219e+00  1.000875e+00  4.309455e-05 -7.290004e-04 -2.916000e-03  7.000000e-01  5.103002e-04  2.041200e-03 -4.357338e-04  9.023918e+01  2.020000e+02 -2.000000e+02 -2.000000e+02  2.000000e+02
  8  1.000066e+00  1.000262e+00  3.878510e-06 -2.187001e-04 -8.748001e-04  7.000000e-01  1.530901e-04  6.123601e-04 -3.921604e-05  9.023915e+01  2.020000e+02 -2.000000e+02 -2.000000e+02  2.000000e+02
  9  1.000020e+00  1.000079e+00  3.490659e-07 -6.561003e-05 -2.624400e-04  7.000000e-01  4.592702e-05  1.837080e-04 -3.529444e-06  9.023914e+01  2.020000e+02 -2.000000e+02 -2.000000e+02  2.000000e+02
 10  1.000006e+00  1.000024e+00  3.141593e-08 -1.968301e-05 -7.873201e-05  7.000000e-01  1.377811e-05  5.511241e-05 -3.176499e-07  9.023913e+01  2.020000e+02 -2.000000e+02 -2.000000e+02  2.000000e+02
 11  1.000002e+00  1.000007e+00  2.827433e-09 -5.904903e-06 -2.361960e-05  7.000000e-01  4.133432e-06  1.653372e-05 -2.858849e-08  9.023913e+01  2.020000e+02 -2.000000e+02 -2.000000e+02  2.000000e+02
 12  1.000001e+00  1.000002e+00  2.544690e-10 -1.771471e-06 -7.085881e-06  7.000000e-01  1.240030e-06  4.960117e-06 -2.572964e-09  9.023913e+01  2.020000e+02 -2.000000e+02 -2.000000e+02  2.000000e+02
 13  1.000000e+00  1.000001e+00  2.290221e-11 -5.314413e-07 -2.125764e-06  7.000000e-01  3.720089e-07  1.488035e-06 -2.315668e-10  9.023913e+01  2.020000e+02 -2.000000e+02 -2.000000e+02  2.000000e+02
 14  1.000000e+00  1.000000e+00  2.061199e-12 -1.594324e-07 -6.377293e-07  7.000000e-01  1.116027e-07  4.464105e-07 -2.084101e-11  9.023913e+01  2.020000e+02 -2.000000e+02 -2.000000e+02  2.000000e+02

  k             x             y       f(x, y)            Sx            Sy        lambda |xk - x(k-1)| |yk - y(k-1)| |fk - f(k-1)|         angle           H00           H01           H10           H11
  1  1.300000e+00  2.200000e+00  8.109000e+01 -9.999998e-01 -4.000000e+00  7.000000e-01  6.999999e-01  2.800000e+00 -8.199100e+02  9.026733e+01  2.020000e+02 -2.000000e+02 -2.000000e+02  2.000000e+02
  2  1.090000e+00  1.360000e+00  7.298100e+00 -3.000001e-01 -1.200000e+00  7.000000e-01  2.100001e-01  8.400001e-01 -7.379190e+01  9.025341e+01  2.020000e+02 -2.000000e+02 -2.000000e+02  2.000000e+02
  3  1.027000e+00  1.108000e+00  6.568290e-01 -9.000004e-02 -3.600000e-01  7.000000e-01  6.300003e-02  2.520000e-01 -6.641271e+00  9.024440e+01  2.020000e+02 -2.000000e+02 -2.000000e+02  2.000000e+02
  4  1.008100e+00  1.032400e+00  5.911461e-02 -2.700001e-02 -1.080000e-01  7.000000e-01  1.890001e-02  7.560001e-02 -5.977144e-01  9.024082e+01  2.020000e+02 -2.000000e+02 -2.000000e+02  2.000000e+02
  5  1.002430e+00  1.009720e+00  5.320315e-03 -8.100004e-03 -3.240000e-02  7.000000e-01  5.670003e-03  2.268000e-02 -5.379430e-02  9.023965e+01  2.020000e+02 -2.000000e+02 -2.000000e+02  2.000000e+02
  6  1.000729e+00  1.002916e+00  4.788283e-04 -2.430001e-03 -9.720001e-03  7.000000e-01  1.701001e-03  6.804001e-03 -4.841487e-03  9.023929e+01  2.020000e+02 -2.000000e+02 -2.000000e+02  2.000000e+02
  7  1.000219e+00  1.000875e+00  4.309455e-05 -7.290004e-04 -2.916000e-03  7.000000e-01  5.103002e-04  2.041200e-03 -4.357338e-04  9.023918e+01  2.020000e+02 -2.000000e+02 -2.000000e+02  2.000000e+02
  8  1.000066e+00  1.000262e+00  3.878510e-06 -2.187001e-04 -8.748001e-04  7.000000e-01  1.530901e-04  6.123601e-04 -3.921604e-05  9.023915e+01  2.020000e+02 -2.000000e+02 -2.000000e+02  2.000000e+02
  9  1.000020e+00  1.000079e+00  3.490659e-07 -6.561003e-05 -2.624400e-04  7.000000e-01  4.592702e-05  1.837080e-04 -3.529444e-06  9.023914e+01  2.020000e+02 -2.000000e+02 -2.000000e+02  2.000000e+02
 10  1.000006e+00  1.000024e+00  3.141593e-08 -1.968301e-05 -7.873201e-05  7.000000e-01  1.377811e-05  5.511241e-05 -3.176499e-07  9.023913e+01  2.020000e+02 -2.000000e+02 -2.000000e+02  2.000000e+02
 11  1.000002e+00  1.000007e+00  2.827433e-09 -5.904903e-06 -2.361960e-05  7.000000e-01  4.133432e-06  1.653372e-05 -2.858849e-08  9.023913e+01  2.020000e+02 -2.000000e+02 -2.000000e+02  2.000000e+02
 12  1.000001e+00  1.000002e+00  2.544690e-10 -1.771471e-06 -7.085881e-06  7.000000e-01  1.240030e-06  4.960117e-06 -2.572964e-09  9.023913e+01  2.020000e+02 -2.000000e+02 -2.000000e+02  2.000000e+02
 13  1.000000e+00  1.000001e+00  2.290221e-11 -5.314413e-07 -2.125764e-06  7.000000e-01  3.720089e-07  1.488035e-06 -2.315668e-10  9.023913e+01  2.020000e+02 -2.000000e+02 -2.000000e+02  2.000000e+02
 14  1.000000e+00  1.000000e+00  2.061199e-12 -1.594324e-07 -6.377293e-07  7.000000e-01  1.116027e-07  4.464105e-07 -2.084101e-11  9.023913e+01  2.020000e+02 -2.000000e+02 -2.000000e+02  2.000000e+02
 15  1.000000e+00  1.000000e+00  1.855079e-13 -4.782971e-08 -1.913188e-07  7.000000e-01  3.348080e-08  1.339231e-07 -1.875691e-12  9.023913e+01  2.020000e+02 -2.000000e+02 -2.000000e+02  2.000000e+02
 16  1.000000e+00  1.000000e+00  1.669571e-14 -1.434891e-08 -5.739564e-08  7.000000e-01  1.004424e-08  4.017694e-08 -1.688122e-13  9.023913e+01  2.020000e+02 -2.000000e+02 -2.000000e+02  2.000000e+02

