  k             x             y       f(x, y)            Sx            Sy        lambda |xk - x(k-1)| |yk - y(k-1)| |fk - f(k-1)|         angle
  1  3.491288e+00  3.503724e+00  6.221982e+00  5.980000e+02 -6.000000e+02  2.493793e-03  1.491288e+00  1.496276e+00 -8.947780e+02  9.019751e+01
  2  1.751716e+00  1.755469e+00  5.664850e-01 -2.485104e+00 -2.497508e+00  7.000000e-01  1.739572e+00  1.748255e+00 -5.655497e+00  1.799187e+02
  3  1.066306e+00  1.070930e+00  6.533856e-03 -9.791564e-01 -9.779128e-01  7.000000e-01  6.854095e-01  6.845390e-01 -5.599512e-01  1.798397e+02
  4  1.066398e+00  1.066411e+00  4.408747e-03  3.416984e-02 -1.681497e+00  2.686933e-03  9.181206e-05  4.518069e-03 -2.125108e-03  1.338362e+02
  5  1.065607e+00  1.066334e+00  4.357138e-03 -1.299470e-01 -1.271885e-02  6.090897e-03  7.914939e-04  7.746919e-05 -5.160960e-05  1.405706e+02

  k             x             y       f(x, y)            Sx            Sy        lambda |xk - x(k-1)| |yk - y(k-1)| |fk - f(k-1)|         angle
  1  3.491288e+00  3.503724e+00  6.221982e+00  5.980000e+02 -6.000000e+02  2.493793e-03  1.491288e+00  1.496276e+00 -8.947780e+02  9.019751e+01
  2  1.751716e+00  1.755469e+00  5.664850e-01 -2.485104e+00 -2.497508e+00  7.000000e-01  1.739572e+00  1.748255e+00 -5.655497e+00  1.799187e+02
  3  1.066306e+00  1.070930e+00  6.533856e-03 -9.791564e-01 -9.779128e-01  7.000000e-01  6.854095e-01  6.845390e-01 -5.599512e-01  1.798397e+02
  4  1.066398e+00  1.066411e+00  4.408747e-03  3.416984e-02 -1.681497e+00  2.686933e-03  9.181206e-05  4.518069e-03 -2.125108e-03  1.338362e+02
  5  1.065607e+00  1.066334e+00  4.357138e-03 -1.299470e-01 -1.271885e-02  6.090897e-03  7.914939e-04  7.746919e-05 -5.160960e-05  1.405706e+02
  6  1.024401e+00  1.021573e+00  1.395211e-03 -1.485658e-01 -1.613843e-01  2.773560e-01  4.120561e-02  4.476092e-02 -2.961927e-03  1.775526e+02
  7  1.015339e+00  1.015766e+00  2.535345e-04 -2.767790e+00 -1.773560e+00  3.273983e-03  9.061697e-03  5.806605e-03 -1.141677e-03  1.676391e+02
  8  1.015478e+00  1.015536e+00  2.398918e-04  5.209135e-02 -8.709435e-02  2.651867e-03  1.381394e-04  2.309627e-04 -1.364272e-05  1.041179e+02
  9  1.003722e+00  1.004410e+00  6.120047e-05 -1.679339e-02 -1.589317e-02  7.000000e-01  1.175537e-02  1.112522e-02 -1.786914e-04  1.784028e+02
 10  1.000336e+00  1.000320e+00  1.392213e-07 -9.969928e-01 -1.204358e+00  3.396172e-03  3.385959e-03  4.090207e-03 -6.106125e-05  1.746182e+02
 11  1.000326e+00  1.000328e+00  1.068715e-07 -3.916608e-03  3.220900e-03  2.516148e-03  9.854766e-06  8.104262e-06 -3.234981e-08  9.556710e+01

  k             x             y       f(x, y)            Sx            Sy        lambda |xk - x(k-1)| |yk - y(k-1)| |fk - f(k-1)|         angle
  1  3.491288e+00  3.503724e+00  6.221982e+00  5.980000e+02 -6.000000e+02  2.493793e-03  1.491288e+00  1.496276e+00 -8.947780e+02  9.019751e+01
  2  1.751716e+00  1.755469e+00  5.664850e-01 -2.485104e+00 -2.497508e+00  7.000000e-01  1.739572e+00  1.748255e+00 -5.655497e+00  1.799187e+02
  3  1.066306e+00  1.070930e+00  6.533856e-03 -9.791564e-01 -9.779128e-01  7.000000e-01  6.854095e-01  6.845390e-01 -5.599512e-01  1.798397e+02
  4  1.066398e+00  1.066411e+00  4.408747e-03  3.416984e-02 -1.681497e+00  2.686933e-03  9.181206e-05  4.518069e-03 -2.125108e-03  1.338362e+02
  5  1.065607e+00  1.066334e+00  4.357138e-03 -1.299470e-01 -1.271885e-02  6.090897e-03  7.914939e-04  7.746919e-05 -5.160960e-05  1.405706e+02
  6  1.024401e+00  1.021573e+00  1.395211e-03 -1.485658e-01 -1.613843e-01  2.773560e-01  4.120561e-02  4.476092e-02 -2.961927e-03  1.775526e+02
  7  1.015339e+00  1.015766e+00  2.535345e-04 -2.767790e+00 -1.773560e+00  3.273983e-03  9.061697e-03  5.806605e-03 -1.141677e-03  1.676391e+02
  8  1.015478e+00  1.015536e+00  2.398918e-04  5.209135e-02 -8.709435e-02  2.651867e-03  1.381394e-04  2.309627e-04 -1.364272e-05  1.041179e+02
  9  1.003722e+00  1.004410e+00  6.120047e-05 -1.679339e-02 -1.589317e-02  7.000000e-01  1.175537e-02  1.112522e-02 -1.786914e-04  1.784028e+02
 10  1.000336e+00  1.000320e+00  1.392213e-07 -9.969928e-01 -1.204358e+00  3.396172e-03  3.385959e-03  4.090207e-03 -6.106125e-05  1.746182e+02
 11  1.000326e+00  1.000328e+00  1.068715e-07 -3.916608e-03  3.220900e-03  2.516148e-03  9.854766e-06  8.104262e-06 -3.234981e-08  9.556710e+01

  k             x             y       f(x, y)            Sx            Sy        lambda |xk - x(k-1)| |yk - y(k-1)| |fk - f(k-1)|         angle
  1  3.491288e+00  3.503724e+00  6.221982e+00  5.980000e+02 -6.000000e+02  2.493793e-03  1.491288e+00  1.496276e+00 -8.947780e+02  9.019751e+01
  2  1.751716e+00  1.755469e+00  5.664850e-01 -2.485104e+00 -2.497508e+00  7.000000e-01  1.739572e+00  1.748255e+00 -5.655497e+00  1.799187e+02
  3  1.066306e+00  1.070930e+00  6.533856e-03 -9.791564e-01 -9.779128e-01  7.000000e-01  6.854095e-01  6.845390e-01 -5.599512e-01  1.798397e+02
  4  1.066398e+00  1.066411e+00  4.408747e-03  3.416984e-02 -1.681497e+00  2.686933e-03  9.181206e-05  4.518069e-03 -2.125108e-03  1.338362e+02
  5  1.065607e+00  1.066334e+00  4.357138e-03 -1.299470e-01 -1.271885e-02  6.090897e-03  7.914939e-04  7.746919e-05 -5.160960e-05  1.405706e+02
  6  1.024401e+00  1.021573e+00  1.395211e-03 -1.485658e-01 -1.613843e-01  2.773560e-01  4.120561e-02  4.476092e-02 -2.961927e-03  1.775526e+02
  7  1.015339e+00  1.015766e+00  2.535345e-04 -2.767790e+00 -1.773560e+00  3.273983e-03  9.061697e-03  5.806605e-03 -1.141677e-03  1.676391e+02
  8  1.015478e+00  1.015536e+00  2.398918e-04  5.209135e-02 -8.709435e-02  2.651867e-03  1.381394e-04  2.309627e-04 -1.364272e-05  1.041179e+02
  9  1.003722e+00  1.004410e+00  6.120047e-05 -1.679339e-02 -1.589317e-02  7.000000e-01  1.175537e-02  1.112522e-02 -1.786914e-04  1.784028e+02
 10  1.000336e+00  1.000320e+00  1.392213e-07 -9.969928e-01 -1.204358e+00  3.396172e-03  3.385959e-03  4.090207e-03 -6.106125e-05  1.746182e+02
 11  1.000326e+00  1.000328e+00  1.068715e-07 -3.916608e-03  3.220900e-03  2.516148e-03  9.854766e-06  8.104262e-06 -3.234981e-08  9.556710e+01
 12  1.000097e+00  1.000096e+00  9.550123e-09 -3.273722e-04 -3.312902e-04  7.000000e-01  2.291605e-04  2.319031e-04 -9.732139e-08  1.796592e+02
 13  1.000095e+00  1.000096e+00  9.123595e-09 -6.629173e-04 -9.115462e-05  3.588064e-03  2.378590e-06  3.270686e-07 -4.265279e-10  1.428293e+02
 14  1.000095e+00  1.000094e+00  8.950300e-09 -4.276812e-05 -2.300602e-04  7.026881e-03  3.005265e-07  1.616606e-06 -1.732948e-10  1.455310e+02
 15  1.000085e+00  1.000088e+00  7.963242e-09 -2.759868e-04 -1.914854e-04  3.534285e-02  9.754160e-06  6.767640e-06 -9.870576e-10  1.697536e+02
 16  1.000080e+00  1.000079e+00  6.537793e-09 -7.280489e-04 -1.325984e-03  6.267932e-03  4.563361e-06  8.311180e-06 -1.425449e-09  1.637695e+02
 17  1.000079e+00  1.000080e+00  6.276326e-09 -4.084580e-04  9.988642e-05  3.170692e-03  1.295094e-06  3.167090e-07 -2.614675e-10  1.212583e+02
 18  1.000076e+00  1.000075e+00  5.951206e-09 -7.046117e-05 -1.172624e-04  3.809759e-02  2.684400e-06  4.467413e-06 -3.251200e-10  1.660010e+02
 19  1.000033e+00  1.000036e+00  2.136919e-09 -1.131067e-03 -1.016465e-03  3.835571e-02  4.338289e-05  3.898722e-05 -3.814287e-09  1.769452e+02
 20  1.000033e+00  1.000034e+00  1.120159e-09  2.107406e-04 -9.845431e-04  2.667291e-03  5.621066e-07  2.626063e-06 -1.016760e-09  1.229182e+02
 21  1.000033e+00  1.000033e+00  1.104338e-09 -5.446593e-05 -1.488718e-05  9.955582e-03  5.422401e-07  1.482105e-07 -1.582088e-11  1.502872e+02

  k             x             y       f(x, y)            Sx            Sy        lambda |xk - x(k-1)| |yk - y(k-1)| |fk - f(k-1)|         angle
  1  3.491288e+00  3.503724e+00  6.221982e+00  5.980000e+02 -6.000000e+02  2.493793e-03  1.491288e+00  1.496276e+00 -8.947780e+02  9.019751e+01
  2  1.751716e+00  1.755469e+00  5.664850e-01 -2.485104e+00 -2.497508e+00  7.000000e-01  1.739572e+00  1.748255e+00 -5.655497e+00  1.799187e+02
  3  1.066306e+00  1.070930e+00  6.533856e-03 -9.791564e-01 -9.779128e-01  7.000000e-01  6.854095e-01  6.845390e-01 -5.599512e-01  1.798397e+02
  4  1.066398e+00  1.066411e+00  4.408747e-03  3.416984e-02 -1.681497e+00  2.686933e-03  9.181206e-05  4.518069e-03 -2.125108e-03  1.338362e+02
  5  1.065607e+00  1.066334e+00  4.357138e-03 -1.299470e-01 -1.271885e-02  6.090897e-03  7.914939e-04  7.746919e-05 -5.160960e-05  1.405706e+02
  6  1.024401e+00  1.021573e+00  1.395211e-03 -1.485658e-01 -1.613843e-01  2.773560e-01  4.120561e-02  4.476092e-02 -2.961927e-03  1.775526e+02
  7  1.015339e+00  1.015766e+00  2.535345e-04 -2.767790e+00 -1.773560e+00  3.273983e-03  9.061697e-03  5.806605e-03 -1.141677e-03  1.676391e+02
  8  1.015478e+00  1.015536e+00  2.398918e-04  5.209135e-02 -8.709435e-02  2.651867e-03  1.381394e-04  2.309627e-04 -1.364272e-05  1.041179e+02
  9  1.003722e+00  1.004410e+00  6.120047e-05 -1.679339e-02 -1.589317e-02  7.000000e-01  1.175537e-02  1.112522e-02 -1.786914e-04  1.784028e+02
 10  1.000336e+00  1.000320e+00  1.392213e-07 -9.969928e-01 -1.204358e+00  3.396172e-03  3.385959e-03  4.090207e-03 -6.106125e-05  1.746182e+02
 11  1.000326e+00  1.000328e+00  1.068715e-07 -3.916608e-03  3.220900e-03  2.516148e-03  9.854766e-06  8.104262e-06 -3.234981e-08  9.556710e+01
 12  1.000097e+00  1.000096e+00  9.550123e-09 -3.273722e-04 -3.312902e-04  7.000000e-01  2.291605e-04  2.319031e-04 -9.732139e-08  1.796592e+02
 13  1.000095e+00  1.000096e+00  9.123595e-09 -6.629173e-04 -9.115462e-05  3.588064e-03  2.378590e-06  3.270686e-07 -4.265279e-10  1.428293e+02
 14  1.000095e+00  1.000094e+00  8.950300e-09 -4.276812e-05 -2.300602e-04  7.026881e-03  3.005265e-07  1.616606e-06 -1.732948e-10  1.455310e+02
 15  1.000085e+00  1.000088e+00  7.963242e-09 -2.759868e-04 -1.914854e-04  3.534285e-02  9.754160e-06  6.767640e-06 -9.870576e-10  1.697536e+02
 16  1.000080e+00  1.000079e+00  6.537793e-09 -7.280489e-04 -1.325984e-03  6.267932e-03  4.563361e-06  8.311180e-06 -1.425449e-09  1.637695e+02
 17  1.000079e+00  1.000080e+00  6.276326e-09 -4.084580e-04  9.988642e-05  3.170692e-03  1.295094e-06  3.167090e-07 -2.614675e-10  1.212583e+02
 18  1.000076e+00  1.000075e+00  5.951206e-09 -7.046117e-05 -1.172624e-04  3.809759e-02  2.684400e-06  4.467413e-06 -3.251200e-10  1.660010e+02
 19  1.000033e+00  1.000036e+00  2.136919e-09 -1.131067e-03 -1.016465e-03  3.835571e-02  4.338289e-05  3.898722e-05 -3.814287e-09  1.769452e+02
 20  1.000033e+00  1.000034e+00  1.120159e-09  2.107406e-04 -9.845431e-04  2.667291e-03  5.621066e-07  2.626063e-06 -1.016760e-09  1.229182e+02
 21  1.000033e+00  1.000033e+00  1.104338e-09 -5.446593e-05 -1.488718e-05  9.955582e-03  5.422401e-07  1.482105e-07 -1.582088e-11  1.502872e+02
 22  1.000004e+00  1.000003e+00  9.489588e-11 -1.259625e-04 -1.318044e-04  2.288205e-01  2.882279e-05  3.015955e-05 -1.009442e-09  1.787017e+02
 23  1.000003e+00  1.000003e+00  8.899759e-12 -4.329464e-04 -8.275943e-05  2.628125e-03  1.137837e-06  2.175021e-07 -8.599612e-11  1.458218e+02
 24  1.000003e+00  1.000003e+00  8.795947e-12  1.275828e-06 -7.344697e-06  3.737154e-03  4.767965e-09  2.744827e-08 -1.038117e-13  1.251456e+02

