  k             x             y       f(x, y)            Sx            Sy        lambda |xk - x(k-1)| |yk - y(k-1)| |fk - f(k-1)|         angle
  1 -2.472558e+00  6.120942e+00  1.206413e+01  7.980000e+02 -2.000000e+02 -5.604710e-03  4.472558e+00  1.120942e+00 -8.893587e+01  1.260663e+02
  2 -2.472951e+00  6.119361e+00  1.206289e+01 -3.680451e-01 -1.480108e+00  1.067865e-03  3.930227e-04  1.580557e-03 -1.242068e-03  1.440314e+02
  3 -2.324467e+00  5.386345e+00  1.108031e+01  1.484844e+00 -7.330165e+00  1.000000e-01  1.484844e-01  7.330165e-01 -9.825800e-01  1.681087e+02
  4 -2.314589e+00  5.368898e+00  1.099990e+01  3.573745e+01 -6.311827e+01  2.764123e-04  9.878271e-03  1.744667e-02 -8.040944e-02  1.738029e+02
  5 -2.315592e+00  5.368241e+00  1.099709e+01 -3.939464e+00 -2.580425e+00  2.547985e-04  1.003770e-03  6.574884e-04 -2.814174e-03  9.989260e+01
  6 -2.288919e+00  5.272467e+00  1.092798e+01  4.222323e-01 -1.516083e+00  6.317208e-02  2.667330e-02  9.577411e-02 -6.910546e-02  1.720957e+02
  7 -2.064884e+00  4.212710e+00  9.653973e+00  8.122365e+01 -3.842130e+02  2.758254e-03  2.240354e-01  1.059757e+00 -1.274010e+00  1.658247e+02
  8 -2.050995e+00  4.213870e+00  9.313884e+00  4.956521e+01  4.139586e+00  2.802133e-04  1.388883e-02  1.159967e-03 -3.400889e-01  1.111792e+02
  9 -2.048096e+00  4.188265e+00  9.295031e+00  1.646328e-01 -1.454301e+00  1.760653e-02  2.898613e-03  2.560521e-02 -1.885272e-02  1.603996e+02
 10 -1.810963e+00  3.219130e+00  8.267020e+00  2.142542e+01 -8.756303e+01  1.106785e-02  2.371334e-01  9.691348e-01 -1.028011e+00  1.643888e+02
 11  1.511421e+00  2.285942e+00  2.617914e-01  5.624005e+01 -1.579664e+01  5.907506e-02  3.322384e+00  9.331873e-01 -8.005229e+00  7.221701e+01
 12  1.502896e+00  2.254934e+00  2.543187e-01 -8.525634e-02 -3.100819e-01  1.000000e-01  8.525634e-03  3.100819e-02 -7.472660e-03  1.616903e+02
 13  1.126970e+00  1.266675e+00  1.726823e-02 -1.253147e+01 -3.294360e+01  2.999852e-02  3.759256e-01  9.882592e-01 -2.370505e-01  1.591667e+02
 14  1.125464e+00  1.267157e+00  1.576496e-02 -1.817145e+00  5.810674e-01  8.289491e-04  1.506321e-03  4.816753e-04 -1.503272e-03  1.138782e+02
 15  1.116683e+00  1.244049e+00  1.447380e-02 -3.645617e-02 -9.593406e-02  2.408664e-01  8.781066e-03  2.310729e-02 -1.291162e-03  1.588957e+02
 16  1.053551e+00  1.104659e+00  5.688254e-03 -1.096706e+01 -2.421455e+01  5.756489e-03  6.313178e-02  1.393908e-01 -8.785547e-03  1.607229e+02
 17  1.051294e+00  1.105428e+00  2.635454e-03 -2.448093e+00  8.350402e-01  9.219927e-04  2.257124e-03  7.699010e-04 -3.052800e-03  1.147277e+02
 18  1.049886e+00  1.101522e+00  2.543186e-03 -1.503941e-02 -4.173511e-02  9.360513e-02  1.407766e-03  3.906620e-03 -9.226852e-05  1.561917e+02
 19  1.010618e+00  1.019669e+00  3.947778e-04 -1.861528e+00 -3.880277e+00  2.109464e-02  3.926825e-02  8.185304e-02 -2.148408e-03  1.608844e+02
 20  1.009868e+00  1.019875e+00  9.755314e-05 -7.607361e-01  2.095547e-01  9.861393e-04  7.501918e-04  2.066501e-04 -2.972246e-04  1.193166e+02

  k             x             y       f(x, y)            Sx            Sy        lambda |xk - x(k-1)| |yk - y(k-1)| |fk - f(k-1)|         angle
  1 -2.472558e+00  6.120942e+00  1.206413e+01  7.980000e+02 -2.000000e+02 -5.604710e-03  4.472558e+00  1.120942e+00 -8.893587e+01  1.260663e+02
  2 -2.472951e+00  6.119361e+00  1.206289e+01 -3.680451e-01 -1.480108e+00  1.067865e-03  3.930227e-04  1.580557e-03 -1.242068e-03  1.440314e+02
  3 -2.324467e+00  5.386345e+00  1.108031e+01  1.484844e+00 -7.330165e+00  1.000000e-01  1.484844e-01  7.330165e-01 -9.825800e-01  1.681087e+02
  4 -2.314589e+00  5.368898e+00  1.099990e+01  3.573745e+01 -6.311827e+01  2.764123e-04  9.878271e-03  1.744667e-02 -8.040944e-02  1.738029e+02
  5 -2.315592e+00  5.368241e+00  1.099709e+01 -3.939464e+00 -2.580425e+00  2.547985e-04  1.003770e-03  6.574884e-04 -2.814174e-03  9.989260e+01
  6 -2.288919e+00  5.272467e+00  1.092798e+01  4.222323e-01 -1.516083e+00  6.317208e-02  2.667330e-02  9.577411e-02 -6.910546e-02  1.720957e+02
  7 -2.064884e+00  4.212710e+00  9.653973e+00  8.122365e+01 -3.842130e+02  2.758254e-03  2.240354e-01  1.059757e+00 -1.274010e+00  1.658247e+02
  8 -2.050995e+00  4.213870e+00  9.313884e+00  4.956521e+01  4.139586e+00  2.802133e-04  1.388883e-02  1.159967e-03 -3.400889e-01  1.111792e+02
  9 -2.048096e+00  4.188265e+00  9.295031e+00  1.646328e-01 -1.454301e+00  1.760653e-02  2.898613e-03  2.560521e-02 -1.885272e-02  1.603996e+02
 10 -1.810963e+00  3.219130e+00  8.267020e+00  2.142542e+01 -8.756303e+01  1.106785e-02  2.371334e-01  9.691348e-01 -1.028011e+00  1.643888e+02
 11  1.511421e+00  2.285942e+00  2.617914e-01  5.624005e+01 -1.579664e+01  5.907506e-02  3.322384e+00  9.331873e-01 -8.005229e+00  7.221701e+01
 12  1.502896e+00  2.254934e+00  2.543187e-01 -8.525634e-02 -3.100819e-01  1.000000e-01  8.525634e-03  3.100819e-02 -7.472660e-03  1.616903e+02
 13  1.126970e+00  1.266675e+00  1.726823e-02 -1.253147e+01 -3.294360e+01  2.999852e-02  3.759256e-01  9.882592e-01 -2.370505e-01  1.591667e+02
 14  1.125464e+00  1.267157e+00  1.576496e-02 -1.817145e+00  5.810674e-01  8.289491e-04  1.506321e-03  4.816753e-04 -1.503272e-03  1.138782e+02
 15  1.116683e+00  1.244049e+00  1.447380e-02 -3.645617e-02 -9.593406e-02  2.408664e-01  8.781066e-03  2.310729e-02 -1.291162e-03  1.588957e+02
 16  1.053551e+00  1.104659e+00  5.688254e-03 -1.096706e+01 -2.421455e+01  5.756489e-03  6.313178e-02  1.393908e-01 -8.785547e-03  1.607229e+02
 17  1.051294e+00  1.105428e+00  2.635454e-03 -2.448093e+00  8.350402e-01  9.219927e-04  2.257124e-03  7.699010e-04 -3.052800e-03  1.147277e+02
 18  1.049886e+00  1.101522e+00  2.543186e-03 -1.503941e-02 -4.173511e-02  9.360513e-02  1.407766e-03  3.906620e-03 -9.226852e-05  1.561917e+02
 19  1.010618e+00  1.019669e+00  3.947778e-04 -1.861528e+00 -3.880277e+00  2.109464e-02  3.926825e-02  8.185304e-02 -2.148408e-03  1.608844e+02
 20  1.009868e+00  1.019875e+00  9.755314e-05 -7.607361e-01  2.095547e-01  9.861393e-04  7.501918e-04  2.066501e-04 -2.972246e-04  1.193166e+02
 21  1.009792e+00  1.019612e+00  9.633274e-05 -2.465708e-03 -8.571665e-03  3.068362e-02  7.565685e-05  2.630097e-04 -1.220397e-06  1.513256e+02
 22  1.000081e+00  1.000086e+00  5.890250e-07 -1.200280e-01 -2.413534e-01  8.090300e-02  9.710622e-03  1.952622e-02 -9.574372e-05  1.614419e+02
 23  1.000049e+00  1.000098e+00  2.373271e-09 -3.263258e-02  1.136043e-02  9.986170e-04  3.258745e-05  1.134471e-05 -5.866517e-07  1.158040e+02

  k             x             y       f(x, y)            Sx            Sy        lambda |xk - x(k-1)| |yk - y(k-1)| |fk - f(k-1)|         angle
  1 -2.472558e+00  6.120942e+00  1.206413e+01  7.980000e+02 -2.000000e+02 -5.604710e-03  4.472558e+00  1.120942e+00 -8.893587e+01  1.260663e+02
  2 -2.472951e+00  6.119361e+00  1.206289e+01 -3.680451e-01 -1.480108e+00  1.067865e-03  3.930227e-04  1.580557e-03 -1.242068e-03  1.440314e+02
  3 -2.324467e+00  5.386345e+00  1.108031e+01  1.484844e+00 -7.330165e+00  1.000000e-01  1.484844e-01  7.330165e-01 -9.825800e-01  1.681087e+02
  4 -2.314589e+00  5.368898e+00  1.099990e+01  3.573745e+01 -6.311827e+01  2.764123e-04  9.878271e-03  1.744667e-02 -8.040944e-02  1.738029e+02
  5 -2.315592e+00  5.368241e+00  1.099709e+01 -3.939464e+00 -2.580425e+00  2.547985e-04  1.003770e-03  6.574884e-04 -2.814174e-03  9.989260e+01
  6 -2.288919e+00  5.272467e+00  1.092798e+01  4.222323e-01 -1.516083e+00  6.317208e-02  2.667330e-02  9.577411e-02 -6.910546e-02  1.720957e+02
  7 -2.064884e+00  4.212710e+00  9.653973e+00  8.122365e+01 -3.842130e+02  2.758254e-03  2.240354e-01  1.059757e+00 -1.274010e+00  1.658247e+02
  8 -2.050995e+00  4.213870e+00  9.313884e+00  4.956521e+01  4.139586e+00  2.802133e-04  1.388883e-02  1.159967e-03 -3.400889e-01  1.111792e+02
  9 -2.048096e+00  4.188265e+00  9.295031e+00  1.646328e-01 -1.454301e+00  1.760653e-02  2.898613e-03  2.560521e-02 -1.885272e-02  1.603996e+02
 10 -1.810963e+00  3.219130e+00  8.267020e+00  2.142542e+01 -8.756303e+01  1.106785e-02  2.371334e-01  9.691348e-01 -1.028011e+00  1.643888e+02
 11  1.511421e+00  2.285942e+00  2.617914e-01  5.624005e+01 -1.579664e+01  5.907506e-02  3.322384e+00  9.331873e-01 -8.005229e+00  7.221701e+01
 12  1.502896e+00  2.254934e+00  2.543187e-01 -8.525634e-02 -3.100819e-01  1.000000e-01  8.525634e-03  3.100819e-02 -7.472660e-03  1.616903e+02
 13  1.126970e+00  1.266675e+00  1.726823e-02 -1.253147e+01 -3.294360e+01  2.999852e-02  3.759256e-01  9.882592e-01 -2.370505e-01  1.591667e+02
 14  1.125464e+00  1.267157e+00  1.576496e-02 -1.817145e+00  5.810674e-01  8.289491e-04  1.506321e-03  4.816753e-04 -1.503272e-03  1.138782e+02
 15  1.116683e+00  1.244049e+00  1.447380e-02 -3.645617e-02 -9.593406e-02  2.408664e-01  8.781066e-03  2.310729e-02 -1.291162e-03  1.588957e+02
 16  1.053551e+00  1.104659e+00  5.688254e-03 -1.096706e+01 -2.421455e+01  5.756489e-03  6.313178e-02  1.393908e-01 -8.785547e-03  1.607229e+02
 17  1.051294e+00  1.105428e+00  2.635454e-03 -2.448093e+00  8.350402e-01  9.219927e-04  2.257124e-03  7.699010e-04 -3.052800e-03  1.147277e+02
 18  1.049886e+00  1.101522e+00  2.543186e-03 -1.503941e-02 -4.173511e-02  9.360513e-02  1.407766e-03  3.906620e-03 -9.226852e-05  1.561917e+02
 19  1.010618e+00  1.019669e+00  3.947778e-04 -1.861528e+00 -3.880277e+00  2.109464e-02  3.926825e-02  8.185304e-02 -2.148408e-03  1.608844e+02
 20  1.009868e+00  1.019875e+00  9.755314e-05 -7.607361e-01  2.095547e-01  9.861393e-04  7.501918e-04  2.066501e-04 -2.972246e-04  1.193166e+02
 21  1.009792e+00  1.019612e+00  9.633274e-05 -2.465708e-03 -8.571665e-03  3.068362e-02  7.565685e-05  2.630097e-04 -1.220397e-06  1.513256e+02
 22  1.000081e+00  1.000086e+00  5.890250e-07 -1.200280e-01 -2.413534e-01  8.090300e-02  9.710622e-03  1.952622e-02 -9.574372e-05  1.614419e+02
 23  1.000049e+00  1.000098e+00  2.373271e-09 -3.263258e-02  1.136043e-02  9.986170e-04  3.258745e-05  1.134471e-05 -5.866517e-07  1.158040e+02
 24  1.000048e+00  1.000095e+00  2.314358e-09 -1.448372e-05 -4.143624e-05  6.115430e-02  8.857419e-07  2.534004e-06 -5.891304e-11  1.542680e+02

  k             x             y       f(x, y)            Sx            Sy        lambda |xk - x(k-1)| |yk - y(k-1)| |fk - f(k-1)|         angle
  1 -2.472558e+00  6.120942e+00  1.206413e+01  7.980000e+02 -2.000000e+02 -5.604710e-03  4.472558e+00  1.120942e+00 -8.893587e+01  1.260663e+02
  2 -2.472951e+00  6.119361e+00  1.206289e+01 -3.680451e-01 -1.480108e+00  1.067865e-03  3.930227e-04  1.580557e-03 -1.242068e-03  1.440314e+02
  3 -2.324467e+00  5.386345e+00  1.108031e+01  1.484844e+00 -7.330165e+00  1.000000e-01  1.484844e-01  7.330165e-01 -9.825800e-01  1.681087e+02
  4 -2.314589e+00  5.368898e+00  1.099990e+01  3.573745e+01 -6.311827e+01  2.764123e-04  9.878271e-03  1.744667e-02 -8.040944e-02  1.738029e+02
  5 -2.315592e+00  5.368241e+00  1.099709e+01 -3.939464e+00 -2.580425e+00  2.547985e-04  1.003770e-03  6.574884e-04 -2.814174e-03  9.989260e+01
  6 -2.288919e+00  5.272467e+00  1.092798e+01  4.222323e-01 -1.516083e+00  6.317208e-02  2.667330e-02  9.577411e-02 -6.910546e-02  1.720957e+02
  7 -2.064884e+00  4.212710e+00  9.653973e+00  8.122365e+01 -3.842130e+02  2.758254e-03  2.240354e-01  1.059757e+00 -1.274010e+00  1.658247e+02
  8 -2.050995e+00  4.213870e+00  9.313884e+00  4.956521e+01  4.139586e+00  2.802133e-04  1.388883e-02  1.159967e-03 -3.400889e-01  1.111792e+02
  9 -2.048096e+00  4.188265e+00  9.295031e+00  1.646328e-01 -1.454301e+00  1.760653e-02  2.898613e-03  2.560521e-02 -1.885272e-02  1.603996e+02
 10 -1.810963e+00  3.219130e+00  8.267020e+00  2.142542e+01 -8.756303e+01  1.106785e-02  2.371334e-01  9.691348e-01 -1.028011e+00  1.643888e+02
 11  1.511421e+00  2.285942e+00  2.617914e-01  5.624005e+01 -1.579664e+01  5.907506e-02  3.322384e+00  9.331873e-01 -8.005229e+00  7.221701e+01
 12  1.502896e+00  2.254934e+00  2.543187e-01 -8.525634e-02 -3.100819e-01  1.000000e-01  8.525634e-03  3.100819e-02 -7.472660e-03  1.616903e+02
 13  1.126970e+00  1.266675e+00  1.726823e-02 -1.253147e+01 -3.294360e+01  2.999852e-02  3.759256e-01  9.882592e-01 -2.370505e-01  1.591667e+02
 14  1.125464e+00  1.267157e+00  1.576496e-02 -1.817145e+00  5.810674e-01  8.289491e-04  1.506321e-03  4.816753e-04 -1.503272e-03  1.138782e+02
 15  1.116683e+00  1.244049e+00  1.447380e-02 -3.645617e-02 -9.593406e-02  2.408664e-01  8.781066e-03  2.310729e-02 -1.291162e-03  1.588957e+02
 16  1.053551e+00  1.104659e+00  5.688254e-03 -1.096706e+01 -2.421455e+01  5.756489e-03  6.313178e-02  1.393908e-01 -8.785547e-03  1.607229e+02
 17  1.051294e+00  1.105428e+00  2.635454e-03 -2.448093e+00  8.350402e-01  9.219927e-04  2.257124e-03  7.699010e-04 -3.052800e-03  1.147277e+02
 18  1.049886e+00  1.101522e+00  2.543186e-03 -1.503941e-02 -4.173511e-02  9.360513e-02  1.407766e-03  3.906620e-03 -9.226852e-05  1.561917e+02
 19  1.010618e+00  1.019669e+00  3.947778e-04 -1.861528e+00 -3.880277e+00  2.109464e-02  3.926825e-02  8.185304e-02 -2.148408e-03  1.608844e+02
 20  1.009868e+00  1.019875e+00  9.755314e-05 -7.607361e-01  2.095547e-01  9.861393e-04  7.501918e-04  2.066501e-04 -2.972246e-04  1.193166e+02
 21  1.009792e+00  1.019612e+00  9.633274e-05 -2.465708e-03 -8.571665e-03  3.068362e-02  7.565685e-05  2.630097e-04 -1.220397e-06  1.513256e+02
 22  1.000081e+00  1.000086e+00  5.890250e-07 -1.200280e-01 -2.413534e-01  8.090300e-02  9.710622e-03  1.952622e-02 -9.574372e-05  1.614419e+02
 23  1.000049e+00  1.000098e+00  2.373271e-09 -3.263258e-02  1.136043e-02  9.986170e-04  3.258745e-05  1.134471e-05 -5.866517e-07  1.158040e+02
 24  1.000048e+00  1.000095e+00  2.314358e-09 -1.448372e-05 -4.143624e-05  6.115430e-02  8.857419e-07  2.534004e-06 -5.891304e-11  1.542680e+02
 25  1.000000e+00  1.000000e+00  4.662083e-16 -1.168812e-03 -2.324048e-03  4.088243e-02  4.778389e-05  9.501275e-05 -2.314358e-09  1.616988e+02

  k             x             y       f(x, y)            Sx            Sy        lambda |xk - x(k-1)| |yk - y(k-1)| |fk - f(k-1)|         angle
  1 -2.472558e+00  6.120942e+00  1.206413e+01  7.980000e+02 -2.000000e+02 -5.604710e-03  4.472558e+00  1.120942e+00 -8.893587e+01  1.260663e+02
  2 -2.472951e+00  6.119361e+00  1.206289e+01 -3.680451e-01 -1.480108e+00  1.067865e-03  3.930227e-04  1.580557e-03 -1.242068e-03  1.440314e+02
  3 -2.324467e+00  5.386345e+00  1.108031e+01  1.484844e+00 -7.330165e+00  1.000000e-01  1.484844e-01  7.330165e-01 -9.825800e-01  1.681087e+02
  4 -2.314589e+00  5.368898e+00  1.099990e+01  3.573745e+01 -6.311827e+01  2.764123e-04  9.878271e-03  1.744667e-02 -8.040944e-02  1.738029e+02
  5 -2.315592e+00  5.368241e+00  1.099709e+01 -3.939464e+00 -2.580425e+00  2.547985e-04  1.003770e-03  6.574884e-04 -2.814174e-03  9.989260e+01
  6 -2.288919e+00  5.272467e+00  1.092798e+01  4.222323e-01 -1.516083e+00  6.317208e-02  2.667330e-02  9.577411e-02 -6.910546e-02  1.720957e+02
  7 -2.064884e+00  4.212710e+00  9.653973e+00  8.122365e+01 -3.842130e+02  2.758254e-03  2.240354e-01  1.059757e+00 -1.274010e+00  1.658247e+02
  8 -2.050995e+00  4.213870e+00  9.313884e+00  4.956521e+01  4.139586e+00  2.802133e-04  1.388883e-02  1.159967e-03 -3.400889e-01  1.111792e+02
  9 -2.048096e+00  4.188265e+00  9.295031e+00  1.646328e-01 -1.454301e+00  1.760653e-02  2.898613e-03  2.560521e-02 -1.885272e-02  1.603996e+02
 10 -1.810963e+00  3.219130e+00  8.267020e+00  2.142542e+01 -8.756303e+01  1.106785e-02  2.371334e-01  9.691348e-01 -1.028011e+00  1.643888e+02
 11  1.511421e+00  2.285942e+00  2.617914e-01  5.624005e+01 -1.579664e+01  5.907506e-02  3.322384e+00  9.331873e-01 -8.005229e+00  7.221701e+01
 12  1.502896e+00  2.254934e+00  2.543187e-01 -8.525634e-02 -3.100819e-01  1.000000e-01  8.525634e-03  3.100819e-02 -7.472660e-03  1.616903e+02
 13  1.126970e+00  1.266675e+00  1.726823e-02 -1.253147e+01 -3.294360e+01  2.999852e-02  3.759256e-01  9.882592e-01 -2.370505e-01  1.591667e+02
 14  1.125464e+00  1.267157e+00  1.576496e-02 -1.817145e+00  5.810674e-01  8.289491e-04  1.506321e-03  4.816753e-04 -1.503272e-03  1.138782e+02
 15  1.116683e+00  1.244049e+00  1.447380e-02 -3.645617e-02 -9.593406e-02  2.408664e-01  8.781066e-03  2.310729e-02 -1.291162e-03  1.588957e+02
 16  1.053551e+00  1.104659e+00  5.688254e-03 -1.096706e+01 -2.421455e+01  5.756489e-03  6.313178e-02  1.393908e-01 -8.785547e-03  1.607229e+02
 17  1.051294e+00  1.105428e+00  2.635454e-03 -2.448093e+00  8.350402e-01  9.219927e-04  2.257124e-03  7.699010e-04 -3.052800e-03  1.147277e+02
 18  1.049886e+00  1.101522e+00  2.543186e-03 -1.503941e-02 -4.173511e-02  9.360513e-02  1.407766e-03  3.906620e-03 -9.226852e-05  1.561917e+02
 19  1.010618e+00  1.019669e+00  3.947778e-04 -1.861528e+00 -3.880277e+00  2.109464e-02  3.926825e-02  8.185304e-02 -2.148408e-03  1.608844e+02
 20  1.009868e+00  1.019875e+00  9.755314e-05 -7.607361e-01  2.095547e-01  9.861393e-04  7.501918e-04  2.066501e-04 -2.972246e-04  1.193166e+02
 21  1.009792e+00  1.019612e+00  9.633274e-05 -2.465708e-03 -8.571665e-03  3.068362e-02  7.565685e-05  2.630097e-04 -1.220397e-06  1.513256e+02
 22  1.000081e+00  1.000086e+00  5.890250e-07 -1.200280e-01 -2.413534e-01  8.090300e-02  9.710622e-03  1.952622e-02 -9.574372e-05  1.614419e+02
 23  1.000049e+00  1.000098e+00  2.373271e-09 -3.263258e-02  1.136043e-02  9.986170e-04  3.258745e-05  1.134471e-05 -5.866517e-07  1.158040e+02
 24  1.000048e+00  1.000095e+00  2.314358e-09 -1.448372e-05 -4.143624e-05  6.115430e-02  8.857419e-07  2.534004e-06 -5.891304e-11  1.542680e+02
 25  1.000000e+00  1.000000e+00  4.662083e-16 -1.168812e-03 -2.324048e-03  4.088243e-02  4.778389e-05  9.501275e-05 -2.314358e-09  1.616988e+02
 26  1.000000e+00  1.000000e+00  1.119528e-17  8.527624e-07 -4.292648e-07  9.984219e-04  8.514165e-10  4.285874e-10 -4.550130e-16  7.171984e+01

