  k             x             y       f(x, y)            Sx            Sy        lambda |xk - x(k-1)| |yk - y(k-1)| |fk - f(k-1)|         angle           H00           H01           H10           H11
  1  1.983370e+00  4.966662e+00  1.014001e+00  1.662967e-01  3.333796e-01 -1.000000e-01  1.662967e-02  3.333796e-02  1.400056e-02  4.742336e+00 -1.111112e-01  1.111111e-01  1.111111e-01  1.250000e-01
  2  1.966557e+00  4.932717e+00  1.028477e+00  1.681331e-01  3.394512e-01 -1.000000e-01  1.681331e-02  3.394512e-02  1.447673e-02  4.613609e+00 -1.161597e-01  1.132905e-01  1.132905e-01  1.273303e-01
  3  1.949557e+00  4.898143e+00  1.043455e+00  1.700037e-01  3.457376e-01 -1.000000e-01  1.700037e-02  3.457376e-02  1.497736e-02  4.480427e+00 -1.215229e-01  1.155496e-01  1.155496e-01  1.297306e-01
  4  1.932366e+00  4.862918e+00  1.058959e+00  1.719086e-01  3.522495e-01 -1.000000e-01  1.719086e-02  3.522495e-02  1.550411e-02  4.342538e+00 -1.272267e-01  1.178924e-01  1.178924e-01  1.322036e-01
  5  1.914981e+00  4.827018e+00  1.075018e+00  1.738478e-01  3.589983e-01 -1.000000e-01  1.738478e-02  3.589983e-02  1.605875e-02  4.199671e+00 -1.332992e-01  1.203232e-01  1.203232e-01  1.347519e-01
  6  1.897399e+00  4.790419e+00  1.091661e+00  1.758209e-01  3.659961e-01 -1.000000e-01  1.758209e-02  3.659961e-02  1.664320e-02  4.051533e+00 -1.397717e-01  1.228466e-01  1.228466e-01  1.373781e-01
  7  1.879616e+00  4.753093e+00  1.108920e+00  1.778275e-01  3.732559e-01 -1.000000e-01  1.778275e-02  3.732559e-02  1.725953e-02  3.897807e+00 -1.466786e-01  1.254674e-01  1.254674e-01  1.400849e-01
  8  1.861629e+00  4.715014e+00  1.126830e+00  1.798671e-01  3.807913e-01 -1.000000e-01  1.798671e-02  3.807913e-02  1.791000e-02  3.738151e+00 -1.540581e-01  1.281907e-01  1.281907e-01  1.428753e-01
  9  1.843436e+00  4.676152e+00  1.145427e+00  1.819387e-01  3.886169e-01 -1.000000e-01  1.819387e-02  3.886169e-02  1.859705e-02  3.572191e+00 -1.619525e-01  1.310220e-01  1.310220e-01  1.457519e-01
 10  1.825031e+00  4.636478e+00  1.164751e+00  1.840411e-01  3.967483e-01 -1.000000e-01  1.840411e-02  3.967483e-02  1.932332e-02  3.399524e+00 -1.704085e-01  1.339668e-01  1.339668e-01  1.487178e-01
 11  1.806414e+00  4.595957e+00  1.184842e+00  1.861727e-01  4.052019e-01 -1.000000e-01  1.861727e-02  4.052019e-02  2.009168e-02  3.219708e+00 -1.794783e-01  1.370312e-01  1.370312e-01  1.517759e-01
 12  1.787581e+00  4.554558e+00  1.205748e+00  1.883315e-01  4.139953e-01 -1.000000e-01  1.883315e-02  4.139953e-02  2.090527e-02  3.032264e+00 -1.892200e-01  1.402215e-01  1.402215e-01  1.549288e-01
 13  1.768530e+00  4.512243e+00  1.227515e+00  1.905151e-01  4.231473e-01 -1.000000e-01  1.905151e-02  4.231473e-02  2.176746e-02  2.836668e+00 -1.996985e-01  1.435442e-01  1.435442e-01  1.581796e-01
 14  1.749258e+00  4.468975e+00  1.250197e+00  1.927205e-01  4.326776e-01 -1.000000e-01  1.927205e-02  4.326776e-02  2.268195e-02  2.632346e+00 -2.109862e-01  1.470063e-01  1.470063e-01  1.615309e-01
 15  1.729763e+00  4.424715e+00  1.273850e+00  1.949438e-01  4.426075e-01 -1.000000e-01  1.949438e-02  4.426075e-02  2.365274e-02  2.418670e+00 -2.231641e-01  1.506148e-01  1.506148e-01  1.649854e-01
 16  1.710045e+00  4.379419e+00  1.298534e+00  1.971805e-01  4.529595e-01 -1.000000e-01  1.971805e-02  4.529595e-02  2.468421e-02  2.194950e+00 -2.363235e-01  1.543771e-01  1.543771e-01  1.685452e-01
 17  1.690103e+00  4.333043e+00  1.324315e+00  1.994252e-01  4.637575e-01 -1.000000e-01  1.994252e-02  4.637575e-02  2.578109e-02  1.960428e+00 -2.505668e-01  1.583007e-01  1.583007e-01  1.722125e-01
 18  1.669935e+00  4.285540e+00  1.351264e+00  2.016713e-01  4.750269e-01 -1.000000e-01  2.016713e-02  4.750269e-02  2.694856e-02  1.714270e+00 -2.660092e-01  1.623932e-01  1.623932e-01  1.759887e-01
 19  1.649544e+00  4.236861e+00  1.379456e+00  2.039111e-01  4.867945e-01 -1.000000e-01  2.039111e-02  4.867945e-02  2.819222e-02  1.455553e+00 -2.827810e-01  1.666621e-01  1.666621e-01  1.798748e-01
 20  1.628931e+00  4.186952e+00  1.408974e+00  2.061352e-01  4.990889e-01 -1.000000e-01  2.061352e-02  4.990889e-02  2.951817e-02  1.183261e+00 -3.010296e-01  1.711148e-01  1.711148e-01  1.838708e-01
 21  1.608098e+00  4.135758e+00  1.439907e+00  2.083326e-01  5.119400e-01 -1.000000e-01  2.083326e-02  5.119400e-02  3.093306e-02  8.962671e-01 -3.209217e-01  1.757582e-01  1.757582e-01  1.879756e-01
 22  1.587049e+00  4.083220e+00  1.472351e+00  2.104903e-01  5.253795e-01 -1.000000e-01  2.104903e-02  5.253795e-02  3.244404e-02  5.933239e-01 -3.426468e-01  1.805987e-01  1.805987e-01  1.921864e-01
 23  1.565789e+00  4.029276e+00  1.506410e+00  2.125927e-01  5.394405e-01 -1.000000e-01  2.125927e-02  5.394405e-02  3.405890e-02  2.730462e-01 -3.664203e-01  1.856414e-01  1.856414e-01  1.964985e-01
 24  1.544327e+00  3.973860e+00  1.542196e+00  2.146218e-01  5.541573e-01 -1.000000e-01  2.146218e-02  5.541573e-02  3.578601e-02  6.610414e-02 -3.924877e-01  1.908903e-01  1.908903e-01  2.009043e-01
 25  1.522671e+00  3.916904e+00  1.579830e+00  2.165561e-01  5.695656e-01 -1.000000e-01  2.165561e-02  5.695656e-02  3.763437e-02  4.258381e-01 -4.211290e-01  1.963468e-01  1.963468e-01  2.053926e-01
 26  1.500834e+00  3.858333e+00  1.619444e+00  2.183704e-01  5.857018e-01 -1.000000e-01  2.183704e-02  5.857018e-02  3.961359e-02  8.080595e-01 -4.526643e-01  2.020100e-01  2.020100e-01  2.099471e-01
 27  1.478831e+00  3.798073e+00  1.661178e+00  2.200351e-01  6.026025e-01 -1.000000e-01  2.200351e-02  6.026025e-02  4.173385e-02  1.214888e+00 -4.874598e-01  2.078747e-01  2.078747e-01  2.145451e-01
 28  1.456679e+00  3.736043e+00  1.705184e+00  2.215158e-01  6.203039e-01 -1.000000e-01  2.215158e-02  6.203039e-02  4.400584e-02  1.648682e+00 -5.259349e-01  2.139309e-01  2.139309e-01  2.191548e-01
 29  1.434402e+00  3.672159e+00  1.751624e+00  2.227720e-01  6.388407e-01 -1.000000e-01  2.227720e-02  6.388407e-02  4.644062e-02  2.112067e+00 -5.685707e-01  2.201618e-01  2.201618e-01  2.237329e-01
 30  1.412026e+00  3.606334e+00  1.800674e+00  2.237565e-01  6.582443e-01 -1.000000e-01  2.237565e-02  6.582443e-02  4.904934e-02  2.607961e+00 -6.159185e-01  2.265423e-01  2.265423e-01  2.282202e-01
 31  1.389585e+00  3.538480e+00  1.852517e+00  2.244148e-01  6.785409e-01 -1.000000e-01  2.244148e-02  6.785409e-02  5.184296e-02  3.139598e+00 -6.686104e-01  2.330363e-01  2.330363e-01  2.325363e-01
 32  1.367117e+00  3.468505e+00  1.907348e+00  2.246836e-01  6.997488e-01 -1.000000e-01  2.246836e-02  6.997488e-02  5.483165e-02  3.710555e+00 -7.273706e-01  2.395943e-01  2.395943e-01  2.365727e-01
 33  1.344668e+00  3.396318e+00  1.965372e+00  2.244903e-01  7.218735e-01 -1.000000e-01  2.244903e-02  7.218735e-02  5.802403e-02  4.324770e+00 -7.930268e-01  2.461498e-01  2.461498e-01  2.401834e-01
 34  1.322292e+00  3.321828e+00  2.026798e+00  2.237518e-01  7.449033e-01 -1.000000e-01  2.237518e-02  7.449033e-02  6.142600e-02  4.986553e+00 -8.665225e-01  2.526158e-01  2.526158e-01  2.431721e-01
 35  1.300055e+00  3.244948e+00  2.091837e+00  2.223743e-01  7.688007e-01 -1.000000e-01  2.223743e-02  7.688007e-02  6.503907e-02  5.700582e+00 -9.489286e-01  2.588806e-01  2.588806e-01  2.452765e-01
 36  1.278030e+00  3.165598e+00  2.160695e+00  2.202529e-01  7.934931e-01 -1.000000e-01  2.202529e-02  7.934931e-02  6.885808e-02  6.471877e+00 -1.041452e+00  2.648038e-01  2.648038e-01  2.461473e-01
 37  1.256302e+00  3.083712e+00  2.233563e+00  2.172727e-01  8.188594e-01 -1.000000e-01  2.172727e-02  8.188594e-02  7.286801e-02  7.305748e+00 -1.145440e+00  2.702126e-01  2.702126e-01  2.453219e-01
 38  1.234971e+00  2.999241e+00  2.310603e+00  2.133102e-01  8.447121e-01 -1.000000e-01  2.133102e-02  8.447121e-02  7.703958e-02  8.207693e+00 -1.262379e+00  2.748987e-01  2.748987e-01  2.421925e-01
 39  1.214148e+00  2.912163e+00  2.391927e+00  2.082373e-01  8.707756e-01 -1.000000e-01  2.082373e-02  8.707756e-02  8.132360e-02  9.183241e+00 -1.393875e+00  2.786182e-01  2.786182e-01  2.359685e-01
 40  1.193955e+00  2.822498e+00  2.477570e+00  2.019278e-01  8.966582e-01 -1.000000e-01  2.019278e-02  8.966582e-02  8.564368e-02  1.023771e+01 -1.541615e+00  2.810950e-01  2.810950e-01  2.256359e-01
 41  1.174528e+00  2.730316e+00  2.567458e+00  1.942671e-01  9.218196e-01 -1.000000e-01  1.942671e-02  9.218196e-02  8.988757e-02  1.137588e+01 -1.707302e+00  2.820300e-01  2.820300e-01  2.099182e-01
 42  1.156012e+00  2.635762e+00  2.661356e+00  1.851658e-01  9.455343e-01 -1.000000e-01  1.851658e-02  9.455343e-02  9.389770e-02  1.260152e+01 -1.892544e+00  2.811183e-01  2.811183e-01  1.872492e-01
 43  1.138554e+00  2.539077e+00  2.758818e+00  1.745788e-01  9.668561e-01 -1.000000e-01  1.745788e-02  9.668561e-02  9.746253e-02  1.391683e+01 -2.098679e+00  2.780773e-01  2.780773e-01  1.557750e-01
 44  1.122301e+00  2.440617e+00  2.859130e+00  1.625276e-01  9.845921e-01 -1.000000e-01  1.625276e-02  9.845921e-02  1.003121e-01  1.532166e+01 -2.326543e+00  2.726848e-01  2.726848e-01  1.134096e-01
 45  1.107388e+00  2.340887e+00  2.961252e+00  1.491251e-01  9.973001e-01 -1.000000e-01  1.491251e-02  9.973001e-02  1.021224e-01  1.681276e+01 -2.576157e+00  2.648254e-01  2.648254e-01  5.797794e-02
 46  1.093929e+00  2.240554e+00  3.063789e+00  1.345970e-01  1.003330e+00 -1.000000e-01  1.345970e-02  1.003330e-01  1.025363e-01  1.838286e+01 -2.846361e+00  2.545389e-01  2.545389e-01 -1.252305e-02
 47  1.082000e+00  2.140462e+00  3.164995e+00  1.192926e-01  1.000930e+00 -1.000000e-01  1.192926e-02  1.000930e-01  1.012063e-01  2.001996e+01 -3.134438e+00  2.420565e-01  2.420565e-01 -9.952823e-02
 48  1.071632e+00  2.041617e+00  3.262857e+00  1.036764e-01  9.884437e-01 -1.000000e-01  1.036764e-02  9.884437e-02  9.786146e-02  2.170692e+01 -3.435828e+00  2.278093e-01  2.278093e-01 -2.034056e-01
 49  1.062803e+00  1.945159e+00  3.355246e+00  8.829056e-02  9.645820e-01 -1.000000e-01  8.829056e-03  9.645820e-02  9.238941e-02  2.342162e+01 -3.744068e+00  2.123953e-01  2.123953e-01 -3.229584e-01
 50  1.055434e+00  1.852285e+00  3.440155e+00  7.369021e-02  9.287389e-01 -1.000000e-01  7.369021e-03  9.287389e-02  8.490896e-02  2.513794e+01 -4.051102e+00  1.965028e-01  1.965028e-01 -4.551107e-01
 51  1.049398e+00  1.764159e+00  3.515955e+00  6.036204e-02  8.812620e-01 -1.000000e-01  6.036204e-03  8.812620e-02  7.579995e-02  2.682765e+01 -4.348037e+00  1.808067e-01  1.808067e-01 -5.949804e-01
 52  1.044533e+00  1.681802e+00  3.581618e+00  4.865064e-02  8.235687e-01 -1.000000e-01  4.865064e-03  8.235687e-02  6.566314e-02  2.846286e+01 -4.626247e+00  1.658718e-01  1.658718e-01 -7.364537e-01
 53  1.040661e+00  1.605999e+00  3.636830e+00  3.871764e-02  7.580313e-01 -1.000000e-01  3.871764e-03  7.580313e-02  5.521156e-02  3.001864e+01 -4.878585e+00  1.520932e-01  1.520932e-01 -8.731670e-01
 54  1.037606e+00  1.537235e+00  3.681959e+00  3.054668e-02  6.876370e-01 -1.000000e-01  3.054668e-03  6.876370e-02  4.512940e-02  3.147508e+01 -5.100311e+00  1.396870e-01  1.396870e-01 -9.995893e-01
 55  1.035207e+00  1.475683e+00  3.717910e+00  2.398655e-02  6.155240e-01 -1.000000e-01  2.398655e-03  6.155240e-02  3.595154e-02  3.281843e+01 -5.289486e+00  1.287204e-01  1.287204e-01 -1.111836e+00
 56  1.033326e+00  1.421229e+00  3.745913e+00  1.881095e-02  5.445418e-01 -1.000000e-01  1.881095e-03  5.445418e-02  2.800214e-02  3.404114e+01 -5.446747e+00  1.191580e-01  1.191580e-01 -1.207977e+00
 57  1.031849e+00  1.373533e+00  3.767311e+00  1.477241e-02  4.769517e-01 -1.000000e-01  1.477241e-03  4.769517e-02  2.139818e-02  3.514120e+01 -5.574659e+00  1.109038e-01  1.109038e-01 -1.287859e+00
 58  1.030685e+00  1.332103e+00  3.783407e+00  1.163864e-02  4.143084e-01 -1.000000e-01  1.163864e-03  4.143084e-02  1.609665e-02  3.612102e+01 -5.676918e+00  1.038325e-01  1.038325e-01 -1.352619e+00
 59  1.029764e+00  1.296353e+00  3.795364e+00  9.210345e-03  3.574928e-01 -1.000000e-01  9.210345e-04  3.574928e-02  1.195627e-02  3.698621e+01 -5.757622e+00  9.780862e-02  9.780862e-02 -1.404132e+00
 60  1.029032e+00  1.265670e+00  3.804156e+00  7.325772e-03  3.068335e-01 -1.000000e-01  7.325772e-04  3.068335e-02  8.792313e-03  3.774456e+01 -5.820750e+00  9.269872e-02  9.269872e-02 -1.444542e+00
 61  1.028446e+00  1.239444e+00  3.810571e+00  5.858004e-03  2.622577e-01 -1.000000e-01  5.858004e-04  2.622577e-02  6.415192e-03  3.840506e+01 -5.869866e+00  8.837746e-02  8.837746e-02 -1.475941e+00
 62  1.027975e+00  1.217101e+00  3.815224e+00  4.709393e-03  2.234325e-01 -1.000000e-01  4.709393e-04  2.234325e-02  4.652461e-03  3.897728e+01 -5.907986e+00  8.473111e-02  8.473111e-02 -1.500197e+00
 63  1.027594e+00  1.198113e+00  3.818582e+00  3.805592e-03  1.898785e-01 -1.000000e-01  3.805592e-04  1.898785e-02  3.358380e-03  3.947076e+01 -5.937569e+00  8.165884e-02  8.165884e-02 -1.518884e+00
 64  1.027285e+00  1.182008e+00  3.820998e+00  3.090260e-03  1.610516e-01 -1.000000e-01  3.090260e-04  1.610516e-02  2.415602e-03  3.989471e+01 -5.960568e+00  7.907277e-02  7.907277e-02 -1.533276e+00
 65  1.027033e+00  1.168368e+00  3.822730e+00  2.520732e-03  1.363972e-01 -1.000000e-01  2.520732e-04  1.363972e-02  1.732757e-03  4.025776e+01 -5.978505e+00  7.689724e-02  7.689724e-02 -1.544377e+00
 66  1.026827e+00  1.156830e+00  3.823971e+00  2.064641e-03  1.153836e-01 -1.000000e-01  2.064641e-04  1.153836e-02  1.240371e-03  4.056782e+01 -5.992554e+00  7.506765e-02  7.506765e-02 -1.552966e+00
 67  1.026657e+00  1.147078e+00  3.824857e+00  1.697350e-03  9.751992e-02 -1.000000e-01  1.697350e-04  9.751992e-03  8.865194e-04  4.083202e+01 -6.003612e+00  7.352919e-02  7.352919e-02 -1.559640e+00
 68  1.026517e+00  1.138841e+00  3.825490e+00  1.400015e-03  8.236426e-02 -1.000000e-01  1.400015e-04  8.236426e-03  6.328797e-04  4.105673e+01 -6.012361e+00  7.223554e-02  7.223554e-02 -1.564852e+00
 69  1.026401e+00  1.131889e+00  3.825942e+00  1.158140e-03  6.952586e-02 -1.000000e-01  1.158140e-04  6.952586e-03  4.514269e-04  4.124754e+01 -6.019323e+00  7.114769e-02  7.114769e-02 -1.568944e+00
 70  1.026305e+00  1.126022e+00  3.826263e+00  9.605074e-04  5.866330e-02 -1.000000e-01  9.605074e-05  5.866330e-03  3.218090e-04  4.140935e+01 -6.024893e+00  7.023279e-02  7.023279e-02 -1.572175e+00
 71  1.026225e+00  1.121074e+00  3.826493e+00  7.983789e-04  4.948095e-02 -1.000000e-01  7.983789e-05  4.948095e-03  2.293218e-04  4.154642e+01 -6.029373e+00  6.946325e-02  6.946325e-02 -1.574742e+00
 72  1.026159e+00  1.116902e+00  3.826656e+00  6.649011e-04  4.172450e-02 -1.000000e-01  6.649011e-05  4.172450e-03  1.633834e-04  4.166243e+01 -6.032995e+00  6.881588e-02  6.881588e-02 -1.576793e+00
 73  1.026103e+00  1.113384e+00  3.826773e+00  5.546637e-04  3.517624e-02 -1.000000e-01  5.546637e-05  3.517624e-03  1.164009e-04  4.176053e+01 -6.035938e+00  6.827121e-02  6.827121e-02 -1.578441e+00
 74  1.026057e+00  1.110419e+00  3.826855e+00  4.633673e-04  2.965044e-02 -1.000000e-01  4.633673e-05  2.965044e-03  8.293839e-05  4.184343e+01 -6.038340e+00  6.781290e-02  6.781290e-02 -1.579772e+00
 75  1.026018e+00  1.107920e+00  3.826915e+00  3.875743e-04  2.498912e-02 -1.000000e-01  3.875743e-05  2.498912e-03  5.911107e-05  4.191346e+01 -6.040307e+00  6.742720e-02  6.742720e-02 -1.580852e+00
 76  1.025986e+00  1.105815e+00  3.826957e+00  3.245196e-04  2.105816e-02 -1.000000e-01  3.245196e-05  2.105816e-03  4.214631e-05  4.197258e+01 -6.041925e+00  6.710258e-02  6.710258e-02 -1.581734e+00
 77  1.025959e+00  1.104040e+00  3.826987e+00  2.719668e-04  1.774388e-02 -1.000000e-01  2.719668e-05  1.774388e-03  3.006727e-05  4.202247e+01 -6.043260e+00  6.682933e-02  6.682933e-02 -1.582455e+00
 78  1.025936e+00  1.102545e+00  3.827008e+00  2.280982e-04  1.495007e-02 -1.000000e-01  2.280982e-05  1.495007e-03  2.146560e-05  4.206456e+01 -6.044364e+00  6.659932e-02  6.659932e-02 -1.583048e+00
 79  1.025917e+00  1.101286e+00  3.827024e+00  1.914297e-04  1.259533e-02 -1.000000e-01  1.914297e-05  1.259533e-03  1.533854e-05  4.210006e+01 -6.045281e+00  6.640567e-02  6.640567e-02 -1.583537e+00
 80  1.025901e+00  1.100225e+00  3.827035e+00  1.607442e-04  1.061093e-02 -1.000000e-01  1.607442e-05  1.061093e-03  1.097242e-05  4.213000e+01 -6.046042e+00  6.624264e-02  6.624264e-02 -1.583941e+00
 81  1.025887e+00  1.099331e+00  3.827042e+00  1.350404e-04  8.938771e-03 -1.000000e-01  1.350404e-05  8.938771e-04  7.859479e-06  4.215524e+01 -6.046676e+00  6.610538e-02  6.610538e-02 -1.584277e+00

  k             x             y       f(x, y)            Sx            Sy        lambda |xk - x(k-1)| |yk - y(k-1)| |fk - f(k-1)|         angle           H00           H01           H10           H11
  1  1.983370e+00  4.966662e+00  1.014001e+00  1.662967e-01  3.333796e-01 -1.000000e-01  1.662967e-02  3.333796e-02  1.400056e-02  4.742336e+00 -1.111112e-01  1.111111e-01  1.111111e-01  1.250000e-01
  2  1.966557e+00  4.932717e+00  1.028477e+00  1.681331e-01  3.394512e-01 -1.000000e-01  1.681331e-02  3.394512e-02  1.447673e-02  4.613609e+00 -1.161597e-01  1.132905e-01  1.132905e-01  1.273303e-01
  3  1.949557e+00  4.898143e+00  1.043455e+00  1.700037e-01  3.457376e-01 -1.000000e-01  1.700037e-02  3.457376e-02  1.497736e-02  4.480427e+00 -1.215229e-01  1.155496e-01  1.155496e-01  1.297306e-01
  4  1.932366e+00  4.862918e+00  1.058959e+00  1.719086e-01  3.522495e-01 -1.000000e-01  1.719086e-02  3.522495e-02  1.550411e-02  4.342538e+00 -1.272267e-01  1.178924e-01  1.178924e-01  1.322036e-01
  5  1.914981e+00  4.827018e+00  1.075018e+00  1.738478e-01  3.589983e-01 -1.000000e-01  1.738478e-02  3.589983e-02  1.605875e-02  4.199671e+00 -1.332992e-01  1.203232e-01  1.203232e-01  1.347519e-01
  6  1.897399e+00  4.790419e+00  1.091661e+00  1.758209e-01  3.659961e-01 -1.000000e-01  1.758209e-02  3.659961e-02  1.664320e-02  4.051533e+00 -1.397717e-01  1.228466e-01  1.228466e-01  1.373781e-01
  7  1.879616e+00  4.753093e+00  1.108920e+00  1.778275e-01  3.732559e-01 -1.000000e-01  1.778275e-02  3.732559e-02  1.725953e-02  3.897807e+00 -1.466786e-01  1.254674e-01  1.254674e-01  1.400849e-01
  8  1.861629e+00  4.715014e+00  1.126830e+00  1.798671e-01  3.807913e-01 -1.000000e-01  1.798671e-02  3.807913e-02  1.791000e-02  3.738151e+00 -1.540581e-01  1.281907e-01  1.281907e-01  1.428753e-01
  9  1.843436e+00  4.676152e+00  1.145427e+00  1.819387e-01  3.886169e-01 -1.000000e-01  1.819387e-02  3.886169e-02  1.859705e-02  3.572191e+00 -1.619525e-01  1.310220e-01  1.310220e-01  1.457519e-01
 10  1.825031e+00  4.636478e+00  1.164751e+00  1.840411e-01  3.967483e-01 -1.000000e-01  1.840411e-02  3.967483e-02  1.932332e-02  3.399524e+00 -1.704085e-01  1.339668e-01  1.339668e-01  1.487178e-01
 11  1.806414e+00  4.595957e+00  1.184842e+00  1.861727e-01  4.052019e-01 -1.000000e-01  1.861727e-02  4.052019e-02  2.009168e-02  3.219708e+00 -1.794783e-01  1.370312e-01  1.370312e-01  1.517759e-01
 12  1.787581e+00  4.554558e+00  1.205748e+00  1.883315e-01  4.139953e-01 -1.000000e-01  1.883315e-02  4.139953e-02  2.090527e-02  3.032264e+00 -1.892200e-01  1.402215e-01  1.402215e-01  1.549288e-01
 13  1.768530e+00  4.512243e+00  1.227515e+00  1.905151e-01  4.231473e-01 -1.000000e-01  1.905151e-02  4.231473e-02  2.176746e-02  2.836668e+00 -1.996985e-01  1.435442e-01  1.435442e-01  1.581796e-01
 14  1.749258e+00  4.468975e+00  1.250197e+00  1.927205e-01  4.326776e-01 -1.000000e-01  1.927205e-02  4.326776e-02  2.268195e-02  2.632346e+00 -2.109862e-01  1.470063e-01  1.470063e-01  1.615309e-01
 15  1.729763e+00  4.424715e+00  1.273850e+00  1.949438e-01  4.426075e-01 -1.000000e-01  1.949438e-02  4.426075e-02  2.365274e-02  2.418670e+00 -2.231641e-01  1.506148e-01  1.506148e-01  1.649854e-01
 16  1.710045e+00  4.379419e+00  1.298534e+00  1.971805e-01  4.529595e-01 -1.000000e-01  1.971805e-02  4.529595e-02  2.468421e-02  2.194950e+00 -2.363235e-01  1.543771e-01  1.543771e-01  1.685452e-01
 17  1.690103e+00  4.333043e+00  1.324315e+00  1.994252e-01  4.637575e-01 -1.000000e-01  1.994252e-02  4.637575e-02  2.578109e-02  1.960428e+00 -2.505668e-01  1.583007e-01  1.583007e-01  1.722125e-01
 18  1.669935e+00  4.285540e+00  1.351264e+00  2.016713e-01  4.750269e-01 -1.000000e-01  2.016713e-02  4.750269e-02  2.694856e-02  1.714270e+00 -2.660092e-01  1.623932e-01  1.623932e-01  1.759887e-01
 19  1.649544e+00  4.236861e+00  1.379456e+00  2.039111e-01  4.867945e-01 -1.000000e-01  2.039111e-02  4.867945e-02  2.819222e-02  1.455553e+00 -2.827810e-01  1.666621e-01  1.666621e-01  1.798748e-01
 20  1.628931e+00  4.186952e+00  1.408974e+00  2.061352e-01  4.990889e-01 -1.000000e-01  2.061352e-02  4.990889e-02  2.951817e-02  1.183261e+00 -3.010296e-01  1.711148e-01  1.711148e-01  1.838708e-01
 21  1.608098e+00  4.135758e+00  1.439907e+00  2.083326e-01  5.119400e-01 -1.000000e-01  2.083326e-02  5.119400e-02  3.093306e-02  8.962671e-01 -3.209217e-01  1.757582e-01  1.757582e-01  1.879756e-01
 22  1.587049e+00  4.083220e+00  1.472351e+00  2.104903e-01  5.253795e-01 -1.000000e-01  2.104903e-02  5.253795e-02  3.244404e-02  5.933239e-01 -3.426468e-01  1.805987e-01  1.805987e-01  1.921864e-01
 23  1.565789e+00  4.029276e+00  1.506410e+00  2.125927e-01  5.394405e-01 -1.000000e-01  2.125927e-02  5.394405e-02  3.405890e-02  2.730462e-01 -3.664203e-01  1.856414e-01  1.856414e-01  1.964985e-01
 24  1.544327e+00  3.973860e+00  1.542196e+00  2.146218e-01  5.541573e-01 -1.000000e-01  2.146218e-02  5.541573e-02  3.578601e-02  6.610414e-02 -3.924877e-01  1.908903e-01  1.908903e-01  2.009043e-01
 25  1.522671e+00  3.916904e+00  1.579830e+00  2.165561e-01  5.695656e-01 -1.000000e-01  2.165561e-02  5.695656e-02  3.763437e-02  4.258381e-01 -4.211290e-01  1.963468e-01  1.963468e-01  2.053926e-01
 26  1.500834e+00  3.858333e+00  1.619444e+00  2.183704e-01  5.857018e-01 -1.000000e-01  2.183704e-02  5.857018e-02  3.961359e-02  8.080595e-01 -4.526643e-01  2.020100e-01  2.020100e-01  2.099471e-01
 27  1.478831e+00  3.798073e+00  1.661178e+00  2.200351e-01  6.026025e-01 -1.000000e-01  2.200351e-02  6.026025e-02  4.173385e-02  1.214888e+00 -4.874598e-01  2.078747e-01  2.078747e-01  2.145451e-01
 28  1.456679e+00  3.736043e+00  1.705184e+00  2.215158e-01  6.203039e-01 -1.000000e-01  2.215158e-02  6.203039e-02  4.400584e-02  1.648682e+00 -5.259349e-01  2.139309e-01  2.139309e-01  2.191548e-01
 29  1.434402e+00  3.672159e+00  1.751624e+00  2.227720e-01  6.388407e-01 -1.000000e-01  2.227720e-02  6.388407e-02  4.644062e-02  2.112067e+00 -5.685707e-01  2.201618e-01  2.201618e-01  2.237329e-01
 30  1.412026e+00  3.606334e+00  1.800674e+00  2.237565e-01  6.582443e-01 -1.000000e-01  2.237565e-02  6.582443e-02  4.904934e-02  2.607961e+00 -6.159185e-01  2.265423e-01  2.265423e-01  2.282202e-01
 31  1.389585e+00  3.538480e+00  1.852517e+00  2.244148e-01  6.785409e-01 -1.000000e-01  2.244148e-02  6.785409e-02  5.184296e-02  3.139598e+00 -6.686104e-01  2.330363e-01  2.330363e-01  2.325363e-01
 32  1.367117e+00  3.468505e+00  1.907348e+00  2.246836e-01  6.997488e-01 -1.000000e-01  2.246836e-02  6.997488e-02  5.483165e-02  3.710555e+00 -7.273706e-01  2.395943e-01  2.395943e-01  2.365727e-01
 33  1.344668e+00  3.396318e+00  1.965372e+00  2.244903e-01  7.218735e-01 -1.000000e-01  2.244903e-02  7.218735e-02  5.802403e-02  4.324770e+00 -7.930268e-01  2.461498e-01  2.461498e-01  2.401834e-01
 34  1.322292e+00  3.321828e+00  2.026798e+00  2.237518e-01  7.449033e-01 -1.000000e-01  2.237518e-02  7.449033e-02  6.142600e-02  4.986553e+00 -8.665225e-01  2.526158e-01  2.526158e-01  2.431721e-01
 35  1.300055e+00  3.244948e+00  2.091837e+00  2.223743e-01  7.688007e-01 -1.000000e-01  2.223743e-02  7.688007e-02  6.503907e-02  5.700582e+00 -9.489286e-01  2.588806e-01  2.588806e-01  2.452765e-01
 36  1.278030e+00  3.165598e+00  2.160695e+00  2.202529e-01  7.934931e-01 -1.000000e-01  2.202529e-02  7.934931e-02  6.885808e-02  6.471877e+00 -1.041452e+00  2.648038e-01  2.648038e-01  2.461473e-01
 37  1.256302e+00  3.083712e+00  2.233563e+00  2.172727e-01  8.188594e-01 -1.000000e-01  2.172727e-02  8.188594e-02  7.286801e-02  7.305748e+00 -1.145440e+00  2.702126e-01  2.702126e-01  2.453219e-01
 38  1.234971e+00  2.999241e+00  2.310603e+00  2.133102e-01  8.447121e-01 -1.000000e-01  2.133102e-02  8.447121e-02  7.703958e-02  8.207693e+00 -1.262379e+00  2.748987e-01  2.748987e-01  2.421925e-01
 39  1.214148e+00  2.912163e+00  2.391927e+00  2.082373e-01  8.707756e-01 -1.000000e-01  2.082373e-02  8.707756e-02  8.132360e-02  9.183241e+00 -1.393875e+00  2.786182e-01  2.786182e-01  2.359685e-01
 40  1.193955e+00  2.822498e+00  2.477570e+00  2.019278e-01  8.966582e-01 -1.000000e-01  2.019278e-02  8.966582e-02  8.564368e-02  1.023771e+01 -1.541615e+00  2.810950e-01  2.810950e-01  2.256359e-01
 41  1.174528e+00  2.730316e+00  2.567458e+00  1.942671e-01  9.218196e-01 -1.000000e-01  1.942671e-02  9.218196e-02  8.988757e-02  1.137588e+01 -1.707302e+00  2.820300e-01  2.820300e-01  2.099182e-01
 42  1.156012e+00  2.635762e+00  2.661356e+00  1.851658e-01  9.455343e-01 -1.000000e-01  1.851658e-02  9.455343e-02  9.389770e-02  1.260152e+01 -1.892544e+00  2.811183e-01  2.811183e-01  1.872492e-01
 43  1.138554e+00  2.539077e+00  2.758818e+00  1.745788e-01  9.668561e-01 -1.000000e-01  1.745788e-02  9.668561e-02  9.746253e-02  1.391683e+01 -2.098679e+00  2.780773e-01  2.780773e-01  1.557750e-01
 44  1.122301e+00  2.440617e+00  2.859130e+00  1.625276e-01  9.845921e-01 -1.000000e-01  1.625276e-02  9.845921e-02  1.003121e-01  1.532166e+01 -2.326543e+00  2.726848e-01  2.726848e-01  1.134096e-01
 45  1.107388e+00  2.340887e+00  2.961252e+00  1.491251e-01  9.973001e-01 -1.000000e-01  1.491251e-02  9.973001e-02  1.021224e-01  1.681276e+01 -2.576157e+00  2.648254e-01  2.648254e-01  5.797794e-02
 46  1.093929e+00  2.240554e+00  3.063789e+00  1.345970e-01  1.003330e+00 -1.000000e-01  1.345970e-02  1.003330e-01  1.025363e-01  1.838286e+01 -2.846361e+00  2.545389e-01  2.545389e-01 -1.252305e-02
 47  1.082000e+00  2.140462e+00  3.164995e+00  1.192926e-01  1.000930e+00 -1.000000e-01  1.192926e-02  1.000930e-01  1.012063e-01  2.001996e+01 -3.134438e+00  2.420565e-01  2.420565e-01 -9.952823e-02
 48  1.071632e+00  2.041617e+00  3.262857e+00  1.036764e-01  9.884437e-01 -1.000000e-01  1.036764e-02  9.884437e-02  9.786146e-02  2.170692e+01 -3.435828e+00  2.278093e-01  2.278093e-01 -2.034056e-01
 49  1.062803e+00  1.945159e+00  3.355246e+00  8.829056e-02  9.645820e-01 -1.000000e-01  8.829056e-03  9.645820e-02  9.238941e-02  2.342162e+01 -3.744068e+00  2.123953e-01  2.123953e-01 -3.229584e-01
 50  1.055434e+00  1.852285e+00  3.440155e+00  7.369021e-02  9.287389e-01 -1.000000e-01  7.369021e-03  9.287389e-02  8.490896e-02  2.513794e+01 -4.051102e+00  1.965028e-01  1.965028e-01 -4.551107e-01
 51  1.049398e+00  1.764159e+00  3.515955e+00  6.036204e-02  8.812620e-01 -1.000000e-01  6.036204e-03  8.812620e-02  7.579995e-02  2.682765e+01 -4.348037e+00  1.808067e-01  1.808067e-01 -5.949804e-01
 52  1.044533e+00  1.681802e+00  3.581618e+00  4.865064e-02  8.235687e-01 -1.000000e-01  4.865064e-03  8.235687e-02  6.566314e-02  2.846286e+01 -4.626247e+00  1.658718e-01  1.658718e-01 -7.364537e-01
 53  1.040661e+00  1.605999e+00  3.636830e+00  3.871764e-02  7.580313e-01 -1.000000e-01  3.871764e-03  7.580313e-02  5.521156e-02  3.001864e+01 -4.878585e+00  1.520932e-01  1.520932e-01 -8.731670e-01
 54  1.037606e+00  1.537235e+00  3.681959e+00  3.054668e-02  6.876370e-01 -1.000000e-01  3.054668e-03  6.876370e-02  4.512940e-02  3.147508e+01 -5.100311e+00  1.396870e-01  1.396870e-01 -9.995893e-01
 55  1.035207e+00  1.475683e+00  3.717910e+00  2.398655e-02  6.155240e-01 -1.000000e-01  2.398655e-03  6.155240e-02  3.595154e-02  3.281843e+01 -5.289486e+00  1.287204e-01  1.287204e-01 -1.111836e+00
 56  1.033326e+00  1.421229e+00  3.745913e+00  1.881095e-02  5.445418e-01 -1.000000e-01  1.881095e-03  5.445418e-02  2.800214e-02  3.404114e+01 -5.446747e+00  1.191580e-01  1.191580e-01 -1.207977e+00
 57  1.031849e+00  1.373533e+00  3.767311e+00  1.477241e-02  4.769517e-01 -1.000000e-01  1.477241e-03  4.769517e-02  2.139818e-02  3.514120e+01 -5.574659e+00  1.109038e-01  1.109038e-01 -1.287859e+00
 58  1.030685e+00  1.332103e+00  3.783407e+00  1.163864e-02  4.143084e-01 -1.000000e-01  1.163864e-03  4.143084e-02  1.609665e-02  3.612102e+01 -5.676918e+00  1.038325e-01  1.038325e-01 -1.352619e+00
 59  1.029764e+00  1.296353e+00  3.795364e+00  9.210345e-03  3.574928e-01 -1.000000e-01  9.210345e-04  3.574928e-02  1.195627e-02  3.698621e+01 -5.757622e+00  9.780862e-02  9.780862e-02 -1.404132e+00
 60  1.029032e+00  1.265670e+00  3.804156e+00  7.325772e-03  3.068335e-01 -1.000000e-01  7.325772e-04  3.068335e-02  8.792313e-03  3.774456e+01 -5.820750e+00  9.269872e-02  9.269872e-02 -1.444542e+00
 61  1.028446e+00  1.239444e+00  3.810571e+00  5.858004e-03  2.622577e-01 -1.000000e-01  5.858004e-04  2.622577e-02  6.415192e-03  3.840506e+01 -5.869866e+00  8.837746e-02  8.837746e-02 -1.475941e+00
 62  1.027975e+00  1.217101e+00  3.815224e+00  4.709393e-03  2.234325e-01 -1.000000e-01  4.709393e-04  2.234325e-02  4.652461e-03  3.897728e+01 -5.907986e+00  8.473111e-02  8.473111e-02 -1.500197e+00
 63  1.027594e+00  1.198113e+00  3.818582e+00  3.805592e-03  1.898785e-01 -1.000000e-01  3.805592e-04  1.898785e-02  3.358380e-03  3.947076e+01 -5.937569e+00  8.165884e-02  8.165884e-02 -1.518884e+00
 64  1.027285e+00  1.182008e+00  3.820998e+00  3.090260e-03  1.610516e-01 -1.000000e-01  3.090260e-04  1.610516e-02  2.415602e-03  3.989471e+01 -5.960568e+00  7.907277e-02  7.907277e-02 -1.533276e+00
 65  1.027033e+00  1.168368e+00  3.822730e+00  2.520732e-03  1.363972e-01 -1.000000e-01  2.520732e-04  1.363972e-02  1.732757e-03  4.025776e+01 -5.978505e+00  7.689724e-02  7.689724e-02 -1.544377e+00
 66  1.026827e+00  1.156830e+00  3.823971e+00  2.064641e-03  1.153836e-01 -1.000000e-01  2.064641e-04  1.153836e-02  1.240371e-03  4.056782e+01 -5.992554e+00  7.506765e-02  7.506765e-02 -1.552966e+00
 67  1.026657e+00  1.147078e+00  3.824857e+00  1.697350e-03  9.751992e-02 -1.000000e-01  1.697350e-04  9.751992e-03  8.865194e-04  4.083202e+01 -6.003612e+00  7.352919e-02  7.352919e-02 -1.559640e+00
 68  1.026517e+00  1.138841e+00  3.825490e+00  1.400015e-03  8.236426e-02 -1.000000e-01  1.400015e-04  8.236426e-03  6.328797e-04  4.105673e+01 -6.012361e+00  7.223554e-02  7.223554e-02 -1.564852e+00
 69  1.026401e+00  1.131889e+00  3.825942e+00  1.158140e-03  6.952586e-02 -1.000000e-01  1.158140e-04  6.952586e-03  4.514269e-04  4.124754e+01 -6.019323e+00  7.114769e-02  7.114769e-02 -1.568944e+00
 70  1.026305e+00  1.126022e+00  3.826263e+00  9.605074e-04  5.866330e-02 -1.000000e-01  9.605074e-05  5.866330e-03  3.218090e-04  4.140935e+01 -6.024893e+00  7.023279e-02  7.023279e-02 -1.572175e+00
 71  1.026225e+00  1.121074e+00  3.826493e+00  7.983789e-04  4.948095e-02 -1.000000e-01  7.983789e-05  4.948095e-03  2.293218e-04  4.154642e+01 -6.029373e+00  6.946325e-02  6.946325e-02 -1.574742e+00
 72  1.026159e+00  1.116902e+00  3.826656e+00  6.649011e-04  4.172450e-02 -1.000000e-01  6.649011e-05  4.172450e-03  1.633834e-04  4.166243e+01 -6.032995e+00  6.881588e-02  6.881588e-02 -1.576793e+00
 73  1.026103e+00  1.113384e+00  3.826773e+00  5.546637e-04  3.517624e-02 -1.000000e-01  5.546637e-05  3.517624e-03  1.164009e-04  4.176053e+01 -6.035938e+00  6.827121e-02  6.827121e-02 -1.578441e+00
 74  1.026057e+00  1.110419e+00  3.826855e+00  4.633673e-04  2.965044e-02 -1.000000e-01  4.633673e-05  2.965044e-03  8.293839e-05  4.184343e+01 -6.038340e+00  6.781290e-02  6.781290e-02 -1.579772e+00
 75  1.026018e+00  1.107920e+00  3.826915e+00  3.875743e-04  2.498912e-02 -1.000000e-01  3.875743e-05  2.498912e-03  5.911107e-05  4.191346e+01 -6.040307e+00  6.742720e-02  6.742720e-02 -1.580852e+00
 76  1.025986e+00  1.105815e+00  3.826957e+00  3.245196e-04  2.105816e-02 -1.000000e-01  3.245196e-05  2.105816e-03  4.214631e-05  4.197258e+01 -6.041925e+00  6.710258e-02  6.710258e-02 -1.581734e+00
 77  1.025959e+00  1.104040e+00  3.826987e+00  2.719668e-04  1.774388e-02 -1.000000e-01  2.719668e-05  1.774388e-03  3.006727e-05  4.202247e+01 -6.043260e+00  6.682933e-02  6.682933e-02 -1.582455e+00
 78  1.025936e+00  1.102545e+00  3.827008e+00  2.280982e-04  1.495007e-02 -1.000000e-01  2.280982e-05  1.495007e-03  2.146560e-05  4.206456e+01 -6.044364e+00  6.659932e-02  6.659932e-02 -1.583048e+00
 79  1.025917e+00  1.101286e+00  3.827024e+00  1.914297e-04  1.259533e-02 -1.000000e-01  1.914297e-05  1.259533e-03  1.533854e-05  4.210006e+01 -6.045281e+00  6.640567e-02  6.640567e-02 -1.583537e+00
 80  1.025901e+00  1.100225e+00  3.827035e+00  1.607442e-04  1.061093e-02 -1.000000e-01  1.607442e-05  1.061093e-03  1.097242e-05  4.213000e+01 -6.046042e+00  6.624264e-02  6.624264e-02 -1.583941e+00
 81  1.025887e+00  1.099331e+00  3.827042e+00  1.350404e-04  8.938771e-03 -1.000000e-01  1.350404e-05  8.938771e-04  7.859479e-06  4.215524e+01 -6.046676e+00  6.610538e-02  6.610538e-02 -1.584277e+00
 82  1.025876e+00  1.098578e+00  3.827048e+00  1.134915e-04  7.529854e-03 -1.000000e-01  1.134915e-05  7.529854e-04  5.638516e-06  4.217651e+01 -6.047205e+00  6.598980e-02  6.598980e-02 -1.584556e+00
 83  1.025866e+00  1.097943e+00  3.827052e+00  9.541305e-05  6.342817e-03 -1.000000e-01  9.541305e-06  6.342817e-04  4.052616e-06  4.219444e+01 -6.047647e+00  6.589248e-02  6.589248e-02 -1.584788e+00
 84  1.025858e+00  1.097409e+00  3.827055e+00  8.023702e-05  5.342774e-03 -1.000000e-01  8.023702e-06  5.342774e-04  2.919035e-06  4.220955e+01 -6.048017e+00  6.581053e-02  6.581053e-02 -1.584981e+00
 85  1.025851e+00  1.096959e+00  3.827057e+00  6.749090e-05  4.500308e-03 -1.000000e-01  6.749090e-06  4.500308e-04  2.107778e-06  4.222229e+01 -6.048327e+00  6.574152e-02  6.574152e-02 -1.585143e+00
 86  1.025846e+00  1.096580e+00  3.827059e+00  5.678101e-05  3.790619e-03 -1.000000e-01  5.678101e-06  3.790619e-04  1.526355e-06  4.223302e+01 -6.048586e+00  6.568341e-02  6.568341e-02 -1.585278e+00
 87  1.025841e+00  1.096261e+00  3.827060e+00  4.777874e-05  3.192799e-03 -1.000000e-01  4.777874e-06  3.192799e-04  1.108943e-06  4.224206e+01 -6.048804e+00  6.563447e-02  6.563447e-02 -1.585391e+00
 88  1.025837e+00  1.095992e+00  3.827061e+00  4.020949e-05  2.689228e-03 -1.000000e-01  4.020949e-06  2.689228e-04  8.086817e-07  4.224967e+01 -6.048986e+00  6.559326e-02  6.559326e-02 -1.585486e+00
 89  1.025834e+00  1.095765e+00  3.827061e+00  3.384347e-05  2.265057e-03 -1.000000e-01  3.384347e-06  2.265057e-04  5.921922e-07  4.225609e+01 -6.049140e+00  6.555855e-02  6.555855e-02 -1.585566e+00
 90  1.025831e+00  1.095575e+00  3.827062e+00  2.848823e-05  1.907774e-03 -1.000000e-01  2.848823e-06  1.907774e-04  4.356865e-07  4.226149e+01 -6.049268e+00  6.552932e-02  6.552932e-02 -1.585632e+00
 91  1.025828e+00  1.095414e+00  3.827062e+00  2.398245e-05  1.606836e-03 -1.000000e-01  2.398245e-06  1.606836e-04  3.221988e-07  4.226605e+01 -6.049377e+00  6.550470e-02  6.550470e-02 -1.585689e+00
 92  1.025826e+00  1.095278e+00  3.827062e+00  2.019077e-05  1.353361e-03 -1.000000e-01  2.019077e-06  1.353361e-04  2.396183e-07  4.226988e+01 -6.049468e+00  6.548397e-02  6.548397e-02 -1.585736e+00
 93  1.025825e+00  1.095165e+00  3.827062e+00  1.699961e-05  1.139865e-03 -1.000000e-01  1.699961e-06  1.139865e-04  1.792915e-07  4.227311e+01 -6.049544e+00  6.546651e-02  6.546651e-02 -1.585775e+00
 94  1.025823e+00  1.095069e+00  3.827062e+00  1.431355e-05  9.600442e-04 -1.000000e-01  1.431355e-06  9.600442e-05  1.350271e-07  4.227583e+01 -6.049609e+00  6.545181e-02  6.545181e-02 -1.585808e+00

  k             x             y       f(x, y)            Sx            Sy        lambda |xk - x(k-1)| |yk - y(k-1)| |fk - f(k-1)|         angle           H00           H01           H10           H11
  1  1.983370e+00  4.966662e+00  1.014001e+00  1.662967e-01  3.333796e-01 -1.000000e-01  1.662967e-02  3.333796e-02  1.400056e-02  4.742336e+00 -1.111112e-01  1.111111e-01  1.111111e-01  1.250000e-01
  2  1.966557e+00  4.932717e+00  1.028477e+00  1.681331e-01  3.394512e-01 -1.000000e-01  1.681331e-02  3.394512e-02  1.447673e-02  4.613609e+00 -1.161597e-01  1.132905e-01  1.132905e-01  1.273303e-01
  3  1.949557e+00  4.898143e+00  1.043455e+00  1.700037e-01  3.457376e-01 -1.000000e-01  1.700037e-02  3.457376e-02  1.497736e-02  4.480427e+00 -1.215229e-01  1.155496e-01  1.155496e-01  1.297306e-01
  4  1.932366e+00  4.862918e+00  1.058959e+00  1.719086e-01  3.522495e-01 -1.000000e-01  1.719086e-02  3.522495e-02  1.550411e-02  4.342538e+00 -1.272267e-01  1.178924e-01  1.178924e-01  1.322036e-01
  5  1.914981e+00  4.827018e+00  1.075018e+00  1.738478e-01  3.589983e-01 -1.000000e-01  1.738478e-02  3.589983e-02  1.605875e-02  4.199671e+00 -1.332992e-01  1.203232e-01  1.203232e-01  1.347519e-01
  6  1.897399e+00  4.790419e+00  1.091661e+00  1.758209e-01  3.659961e-01 -1.000000e-01  1.758209e-02  3.659961e-02  1.664320e-02  4.051533e+00 -1.397717e-01  1.228466e-01  1.228466e-01  1.373781e-01
  7  1.879616e+00  4.753093e+00  1.108920e+00  1.778275e-01  3.732559e-01 -1.000000e-01  1.778275e-02  3.732559e-02  1.725953e-02  3.897807e+00 -1.466786e-01  1.254674e-01  1.254674e-01  1.400849e-01
  8  1.861629e+00  4.715014e+00  1.126830e+00  1.798671e-01  3.807913e-01 -1.000000e-01  1.798671e-02  3.807913e-02  1.791000e-02  3.738151e+00 -1.540581e-01  1.281907e-01  1.281907e-01  1.428753e-01
  9  1.843436e+00  4.676152e+00  1.145427e+00  1.819387e-01  3.886169e-01 -1.000000e-01  1.819387e-02  3.886169e-02  1.859705e-02  3.572191e+00 -1.619525e-01  1.310220e-01  1.310220e-01  1.457519e-01
 10  1.825031e+00  4.636478e+00  1.164751e+00  1.840411e-01  3.967483e-01 -1.000000e-01  1.840411e-02  3.967483e-02  1.932332e-02  3.399524e+00 -1.704085e-01  1.339668e-01  1.339668e-01  1.487178e-01
 11  1.806414e+00  4.595957e+00  1.184842e+00  1.861727e-01  4.052019e-01 -1.000000e-01  1.861727e-02  4.052019e-02  2.009168e-02  3.219708e+00 -1.794783e-01  1.370312e-01  1.370312e-01  1.517759e-01
 12  1.787581e+00  4.554558e+00  1.205748e+00  1.883315e-01  4.139953e-01 -1.000000e-01  1.883315e-02  4.139953e-02  2.090527e-02  3.032264e+00 -1.892200e-01  1.402215e-01  1.402215e-01  1.549288e-01
 13  1.768530e+00  4.512243e+00  1.227515e+00  1.905151e-01  4.231473e-01 -1.000000e-01  1.905151e-02  4.231473e-02  2.176746e-02  2.836668e+00 -1.996985e-01  1.435442e-01  1.435442e-01  1.581796e-01
 14  1.749258e+00  4.468975e+00  1.250197e+00  1.927205e-01  4.326776e-01 -1.000000e-01  1.927205e-02  4.326776e-02  2.268195e-02  2.632346e+00 -2.109862e-01  1.470063e-01  1.470063e-01  1.615309e-01
 15  1.729763e+00  4.424715e+00  1.273850e+00  1.949438e-01  4.426075e-01 -1.000000e-01  1.949438e-02  4.426075e-02  2.365274e-02  2.418670e+00 -2.231641e-01  1.506148e-01  1.506148e-01  1.649854e-01
 16  1.710045e+00  4.379419e+00  1.298534e+00  1.971805e-01  4.529595e-01 -1.000000e-01  1.971805e-02  4.529595e-02  2.468421e-02  2.194950e+00 -2.363235e-01  1.543771e-01  1.543771e-01  1.685452e-01
 17  1.690103e+00  4.333043e+00  1.324315e+00  1.994252e-01  4.637575e-01 -1.000000e-01  1.994252e-02  4.637575e-02  2.578109e-02  1.960428e+00 -2.505668e-01  1.583007e-01  1.583007e-01  1.722125e-01
 18  1.669935e+00  4.285540e+00  1.351264e+00  2.016713e-01  4.750269e-01 -1.000000e-01  2.016713e-02  4.750269e-02  2.694856e-02  1.714270e+00 -2.660092e-01  1.623932e-01  1.623932e-01  1.759887e-01
 19  1.649544e+00  4.236861e+00  1.379456e+00  2.039111e-01  4.867945e-01 -1.000000e-01  2.039111e-02  4.867945e-02  2.819222e-02  1.455553e+00 -2.827810e-01  1.666621e-01  1.666621e-01  1.798748e-01
 20  1.628931e+00  4.186952e+00  1.408974e+00  2.061352e-01  4.990889e-01 -1.000000e-01  2.061352e-02  4.990889e-02  2.951817e-02  1.183261e+00 -3.010296e-01  1.711148e-01  1.711148e-01  1.838708e-01
 21  1.608098e+00  4.135758e+00  1.439907e+00  2.083326e-01  5.119400e-01 -1.000000e-01  2.083326e-02  5.119400e-02  3.093306e-02  8.962671e-01 -3.209217e-01  1.757582e-01  1.757582e-01  1.879756e-01
 22  1.587049e+00  4.083220e+00  1.472351e+00  2.104903e-01  5.253795e-01 -1.000000e-01  2.104903e-02  5.253795e-02  3.244404e-02  5.933239e-01 -3.426468e-01  1.805987e-01  1.805987e-01  1.921864e-01
 23  1.565789e+00  4.029276e+00  1.506410e+00  2.125927e-01  5.394405e-01 -1.000000e-01  2.125927e-02  5.394405e-02  3.405890e-02  2.730462e-01 -3.664203e-01  1.856414e-01  1.856414e-01  1.964985e-01
 24  1.544327e+00  3.973860e+00  1.542196e+00  2.146218e-01  5.541573e-01 -1.000000e-01  2.146218e-02  5.541573e-02  3.578601e-02  6.610414e-02 -3.924877e-01  1.908903e-01  1.908903e-01  2.009043e-01
 25  1.522671e+00  3.916904e+00  1.579830e+00  2.165561e-01  5.695656e-01 -1.000000e-01  2.165561e-02  5.695656e-02  3.763437e-02  4.258381e-01 -4.211290e-01  1.963468e-01  1.963468e-01  2.053926e-01
 26  1.500834e+00  3.858333e+00  1.619444e+00  2.183704e-01  5.857018e-01 -1.000000e-01  2.183704e-02  5.857018e-02  3.961359e-02  8.080595e-01 -4.526643e-01  2.020100e-01  2.020100e-01  2.099471e-01
 27  1.478831e+00  3.798073e+00  1.661178e+00  2.200351e-01  6.026025e-01 -1.000000e-01  2.200351e-02  6.026025e-02  4.173385e-02  1.214888e+00 -4.874598e-01  2.078747e-01  2.078747e-01  2.145451e-01
 28  1.456679e+00  3.736043e+00  1.705184e+00  2.215158e-01  6.203039e-01 -1.000000e-01  2.215158e-02  6.203039e-02  4.400584e-02  1.648682e+00 -5.259349e-01  2.139309e-01  2.139309e-01  2.191548e-01
 29  1.434402e+00  3.672159e+00  1.751624e+00  2.227720e-01  6.388407e-01 -1.000000e-01  2.227720e-02  6.388407e-02  4.644062e-02  2.112067e+00 -5.685707e-01  2.201618e-01  2.201618e-01  2.237329e-01
 30  1.412026e+00  3.606334e+00  1.800674e+00  2.237565e-01  6.582443e-01 -1.000000e-01  2.237565e-02  6.582443e-02  4.904934e-02  2.607961e+00 -6.159185e-01  2.265423e-01  2.265423e-01  2.282202e-01
 31  1.389585e+00  3.538480e+00  1.852517e+00  2.244148e-01  6.785409e-01 -1.000000e-01  2.244148e-02  6.785409e-02  5.184296e-02  3.139598e+00 -6.686104e-01  2.330363e-01  2.330363e-01  2.325363e-01
 32  1.367117e+00  3.468505e+00  1.907348e+00  2.246836e-01  6.997488e-01 -1.000000e-01  2.246836e-02  6.997488e-02  5.483165e-02  3.710555e+00 -7.273706e-01  2.395943e-01  2.395943e-01  2.365727e-01
 33  1.344668e+00  3.396318e+00  1.965372e+00  2.244903e-01  7.218735e-01 -1.000000e-01  2.244903e-02  7.218735e-02  5.802403e-02  4.324770e+00 -7.930268e-01  2.461498e-01  2.461498e-01  2.401834e-01
 34  1.322292e+00  3.321828e+00  2.026798e+00  2.237518e-01  7.449033e-01 -1.000000e-01  2.237518e-02  7.449033e-02  6.142600e-02  4.986553e+00 -8.665225e-01  2.526158e-01  2.526158e-01  2.431721e-01
 35  1.300055e+00  3.244948e+00  2.091837e+00  2.223743e-01  7.688007e-01 -1.000000e-01  2.223743e-02  7.688007e-02  6.503907e-02  5.700582e+00 -9.489286e-01  2.588806e-01  2.588806e-01  2.452765e-01
 36  1.278030e+00  3.165598e+00  2.160695e+00  2.202529e-01  7.934931e-01 -1.000000e-01  2.202529e-02  7.934931e-02  6.885808e-02  6.471877e+00 -1.041452e+00  2.648038e-01  2.648038e-01  2.461473e-01
 37  1.256302e+00  3.083712e+00  2.233563e+00  2.172727e-01  8.188594e-01 -1.000000e-01  2.172727e-02  8.188594e-02  7.286801e-02  7.305748e+00 -1.145440e+00  2.702126e-01  2.702126e-01  2.453219e-01
 38  1.234971e+00  2.999241e+00  2.310603e+00  2.133102e-01  8.447121e-01 -1.000000e-01  2.133102e-02  8.447121e-02  7.703958e-02  8.207693e+00 -1.262379e+00  2.748987e-01  2.748987e-01  2.421925e-01
 39  1.214148e+00  2.912163e+00  2.391927e+00  2.082373e-01  8.707756e-01 -1.000000e-01  2.082373e-02  8.707756e-02  8.132360e-02  9.183241e+00 -1.393875e+00  2.786182e-01  2.786182e-01  2.359685e-01
 40  1.193955e+00  2.822498e+00  2.477570e+00  2.019278e-01  8.966582e-01 -1.000000e-01  2.019278e-02  8.966582e-02  8.564368e-02  1.023771e+01 -1.541615e+00  2.810950e-01  2.810950e-01  2.256359e-01
 41  1.174528e+00  2.730316e+00  2.567458e+00  1.942671e-01  9.218196e-01 -1.000000e-01  1.942671e-02  9.218196e-02  8.988757e-02  1.137588e+01 -1.707302e+00  2.820300e-01  2.820300e-01  2.099182e-01
 42  1.156012e+00  2.635762e+00  2.661356e+00  1.851658e-01  9.455343e-01 -1.000000e-01  1.851658e-02  9.455343e-02  9.389770e-02  1.260152e+01 -1.892544e+00  2.811183e-01  2.811183e-01  1.872492e-01
 43  1.138554e+00  2.539077e+00  2.758818e+00  1.745788e-01  9.668561e-01 -1.000000e-01  1.745788e-02  9.668561e-02  9.746253e-02  1.391683e+01 -2.098679e+00  2.780773e-01  2.780773e-01  1.557750e-01
 44  1.122301e+00  2.440617e+00  2.859130e+00  1.625276e-01  9.845921e-01 -1.000000e-01  1.625276e-02  9.845921e-02  1.003121e-01  1.532166e+01 -2.326543e+00  2.726848e-01  2.726848e-01  1.134096e-01
 45  1.107388e+00  2.340887e+00  2.961252e+00  1.491251e-01  9.973001e-01 -1.000000e-01  1.491251e-02  9.973001e-02  1.021224e-01  1.681276e+01 -2.576157e+00  2.648254e-01  2.648254e-01  5.797794e-02
 46  1.093929e+00  2.240554e+00  3.063789e+00  1.345970e-01  1.003330e+00 -1.000000e-01  1.345970e-02  1.003330e-01  1.025363e-01  1.838286e+01 -2.846361e+00  2.545389e-01  2.545389e-01 -1.252305e-02
 47  1.082000e+00  2.140462e+00  3.164995e+00  1.192926e-01  1.000930e+00 -1.000000e-01  1.192926e-02  1.000930e-01  1.012063e-01  2.001996e+01 -3.134438e+00  2.420565e-01  2.420565e-01 -9.952823e-02
 48  1.071632e+00  2.041617e+00  3.262857e+00  1.036764e-01  9.884437e-01 -1.000000e-01  1.036764e-02  9.884437e-02  9.786146e-02  2.170692e+01 -3.435828e+00  2.278093e-01  2.278093e-01 -2.034056e-01
 49  1.062803e+00  1.945159e+00  3.355246e+00  8.829056e-02  9.645820e-01 -1.000000e-01  8.829056e-03  9.645820e-02  9.238941e-02  2.342162e+01 -3.744068e+00  2.123953e-01  2.123953e-01 -3.229584e-01
 50  1.055434e+00  1.852285e+00  3.440155e+00  7.369021e-02  9.287389e-01 -1.000000e-01  7.369021e-03  9.287389e-02  8.490896e-02  2.513794e+01 -4.051102e+00  1.965028e-01  1.965028e-01 -4.551107e-01
 51  1.049398e+00  1.764159e+00  3.515955e+00  6.036204e-02  8.812620e-01 -1.000000e-01  6.036204e-03  8.812620e-02  7.579995e-02  2.682765e+01 -4.348037e+00  1.808067e-01  1.808067e-01 -5.949804e-01
 52  1.044533e+00  1.681802e+00  3.581618e+00  4.865064e-02  8.235687e-01 -1.000000e-01  4.865064e-03  8.235687e-02  6.566314e-02  2.846286e+01 -4.626247e+00  1.658718e-01  1.658718e-01 -7.364537e-01
 53  1.040661e+00  1.605999e+00  3.636830e+00  3.871764e-02  7.580313e-01 -1.000000e-01  3.871764e-03  7.580313e-02  5.521156e-02  3.001864e+01 -4.878585e+00  1.520932e-01  1.520932e-01 -8.731670e-01
 54  1.037606e+00  1.537235e+00  3.681959e+00  3.054668e-02  6.876370e-01 -1.000000e-01  3.054668e-03  6.876370e-02  4.512940e-02  3.147508e+01 -5.100311e+00  1.396870e-01  1.396870e-01 -9.995893e-01
 55  1.035207e+00  1.475683e+00  3.717910e+00  2.398655e-02  6.155240e-01 -1.000000e-01  2.398655e-03  6.155240e-02  3.595154e-02  3.281843e+01 -5.289486e+00  1.287204e-01  1.287204e-01 -1.111836e+00
 56  1.033326e+00  1.421229e+00  3.745913e+00  1.881095e-02  5.445418e-01 -1.000000e-01  1.881095e-03  5.445418e-02  2.800214e-02  3.404114e+01 -5.446747e+00  1.191580e-01  1.191580e-01 -1.207977e+00
 57  1.031849e+00  1.373533e+00  3.767311e+00  1.477241e-02  4.769517e-01 -1.000000e-01  1.477241e-03  4.769517e-02  2.139818e-02  3.514120e+01 -5.574659e+00  1.109038e-01  1.109038e-01 -1.287859e+00
 58  1.030685e+00  1.332103e+00  3.783407e+00  1.163864e-02  4.143084e-01 -1.000000e-01  1.163864e-03  4.143084e-02  1.609665e-02  3.612102e+01 -5.676918e+00  1.038325e-01  1.038325e-01 -1.352619e+00
 59  1.029764e+00  1.296353e+00  3.795364e+00  9.210345e-03  3.574928e-01 -1.000000e-01  9.210345e-04  3.574928e-02  1.195627e-02  3.698621e+01 -5.757622e+00  9.780862e-02  9.780862e-02 -1.404132e+00
 60  1.029032e+00  1.265670e+00  3.804156e+00  7.325772e-03  3.068335e-01 -1.000000e-01  7.325772e-04  3.068335e-02  8.792313e-03  3.774456e+01 -5.820750e+00  9.269872e-02  9.269872e-02 -1.444542e+00
 61  1.028446e+00  1.239444e+00  3.810571e+00  5.858004e-03  2.622577e-01 -1.000000e-01  5.858004e-04  2.622577e-02  6.415192e-03  3.840506e+01 -5.869866e+00  8.837746e-02  8.837746e-02 -1.475941e+00
 62  1.027975e+00  1.217101e+00  3.815224e+00  4.709393e-03  2.234325e-01 -1.000000e-01  4.709393e-04  2.234325e-02  4.652461e-03  3.897728e+01 -5.907986e+00  8.473111e-02  8.473111e-02 -1.500197e+00
 63  1.027594e+00  1.198113e+00  3.818582e+00  3.805592e-03  1.898785e-01 -1.000000e-01  3.805592e-04  1.898785e-02  3.358380e-03  3.947076e+01 -5.937569e+00  8.165884e-02  8.165884e-02 -1.518884e+00
 64  1.027285e+00  1.182008e+00  3.820998e+00  3.090260e-03  1.610516e-01 -1.000000e-01  3.090260e-04  1.610516e-02  2.415602e-03  3.989471e+01 -5.960568e+00  7.907277e-02  7.907277e-02 -1.533276e+00
 65  1.027033e+00  1.168368e+00  3.822730e+00  2.520732e-03  1.363972e-01 -1.000000e-01  2.520732e-04  1.363972e-02  1.732757e-03  4.025776e+01 -5.978505e+00  7.689724e-02  7.689724e-02 -1.544377e+00
 66  1.026827e+00  1.156830e+00  3.823971e+00  2.064641e-03  1.153836e-01 -1.000000e-01  2.064641e-04  1.153836e-02  1.240371e-03  4.056782e+01 -5.992554e+00  7.506765e-02  7.506765e-02 -1.552966e+00
 67  1.026657e+00  1.147078e+00  3.824857e+00  1.697350e-03  9.751992e-02 -1.000000e-01  1.697350e-04  9.751992e-03  8.865194e-04  4.083202e+01 -6.003612e+00  7.352919e-02  7.352919e-02 -1.559640e+00
 68  1.026517e+00  1.138841e+00  3.825490e+00  1.400015e-03  8.236426e-02 -1.000000e-01  1.400015e-04  8.236426e-03  6.328797e-04  4.105673e+01 -6.012361e+00  7.223554e-02  7.223554e-02 -1.564852e+00
 69  1.026401e+00  1.131889e+00  3.825942e+00  1.158140e-03  6.952586e-02 -1.000000e-01  1.158140e-04  6.952586e-03  4.514269e-04  4.124754e+01 -6.019323e+00  7.114769e-02  7.114769e-02 -1.568944e+00
 70  1.026305e+00  1.126022e+00  3.826263e+00  9.605074e-04  5.866330e-02 -1.000000e-01  9.605074e-05  5.866330e-03  3.218090e-04  4.140935e+01 -6.024893e+00  7.023279e-02  7.023279e-02 -1.572175e+00
 71  1.026225e+00  1.121074e+00  3.826493e+00  7.983789e-04  4.948095e-02 -1.000000e-01  7.983789e-05  4.948095e-03  2.293218e-04  4.154642e+01 -6.029373e+00  6.946325e-02  6.946325e-02 -1.574742e+00
 72  1.026159e+00  1.116902e+00  3.826656e+00  6.649011e-04  4.172450e-02 -1.000000e-01  6.649011e-05  4.172450e-03  1.633834e-04  4.166243e+01 -6.032995e+00  6.881588e-02  6.881588e-02 -1.576793e+00
 73  1.026103e+00  1.113384e+00  3.826773e+00  5.546637e-04  3.517624e-02 -1.000000e-01  5.546637e-05  3.517624e-03  1.164009e-04  4.176053e+01 -6.035938e+00  6.827121e-02  6.827121e-02 -1.578441e+00
 74  1.026057e+00  1.110419e+00  3.826855e+00  4.633673e-04  2.965044e-02 -1.000000e-01  4.633673e-05  2.965044e-03  8.293839e-05  4.184343e+01 -6.038340e+00  6.781290e-02  6.781290e-02 -1.579772e+00
 75  1.026018e+00  1.107920e+00  3.826915e+00  3.875743e-04  2.498912e-02 -1.000000e-01  3.875743e-05  2.498912e-03  5.911107e-05  4.191346e+01 -6.040307e+00  6.742720e-02  6.742720e-02 -1.580852e+00
 76  1.025986e+00  1.105815e+00  3.826957e+00  3.245196e-04  2.105816e-02 -1.000000e-01  3.245196e-05  2.105816e-03  4.214631e-05  4.197258e+01 -6.041925e+00  6.710258e-02  6.710258e-02 -1.581734e+00
 77  1.025959e+00  1.104040e+00  3.826987e+00  2.719668e-04  1.774388e-02 -1.000000e-01  2.719668e-05  1.774388e-03  3.006727e-05  4.202247e+01 -6.043260e+00  6.682933e-02  6.682933e-02 -1.582455e+00
 78  1.025936e+00  1.102545e+00  3.827008e+00  2.280982e-04  1.495007e-02 -1.000000e-01  2.280982e-05  1.495007e-03  2.146560e-05  4.206456e+01 -6.044364e+00  6.659932e-02  6.659932e-02 -1.583048e+00
 79  1.025917e+00  1.101286e+00  3.827024e+00  1.914297e-04  1.259533e-02 -1.000000e-01  1.914297e-05  1.259533e-03  1.533854e-05  4.210006e+01 -6.045281e+00  6.640567e-02  6.640567e-02 -1.583537e+00
 80  1.025901e+00  1.100225e+00  3.827035e+00  1.607442e-04  1.061093e-02 -1.000000e-01  1.607442e-05  1.061093e-03  1.097242e-05  4.213000e+01 -6.046042e+00  6.624264e-02  6.624264e-02 -1.583941e+00
 81  1.025887e+00  1.099331e+00  3.827042e+00  1.350404e-04  8.938771e-03 -1.000000e-01  1.350404e-05  8.938771e-04  7.859479e-06  4.215524e+01 -6.046676e+00  6.610538e-02  6.610538e-02 -1.584277e+00
 82  1.025876e+00  1.098578e+00  3.827048e+00  1.134915e-04  7.529854e-03 -1.000000e-01  1.134915e-05  7.529854e-04  5.638516e-06  4.217651e+01 -6.047205e+00  6.598980e-02  6.598980e-02 -1.584556e+00
 83  1.025866e+00  1.097943e+00  3.827052e+00  9.541305e-05  6.342817e-03 -1.000000e-01  9.541305e-06  6.342817e-04  4.052616e-06  4.219444e+01 -6.047647e+00  6.589248e-02  6.589248e-02 -1.584788e+00
 84  1.025858e+00  1.097409e+00  3.827055e+00  8.023702e-05  5.342774e-03 -1.000000e-01  8.023702e-06  5.342774e-04  2.919035e-06  4.220955e+01 -6.048017e+00  6.581053e-02  6.581053e-02 -1.584981e+00
 85  1.025851e+00  1.096959e+00  3.827057e+00  6.749090e-05  4.500308e-03 -1.000000e-01  6.749090e-06  4.500308e-04  2.107778e-06  4.222229e+01 -6.048327e+00  6.574152e-02  6.574152e-02 -1.585143e+00
 86  1.025846e+00  1.096580e+00  3.827059e+00  5.678101e-05  3.790619e-03 -1.000000e-01  5.678101e-06  3.790619e-04  1.526355e-06  4.223302e+01 -6.048586e+00  6.568341e-02  6.568341e-02 -1.585278e+00
 87  1.025841e+00  1.096261e+00  3.827060e+00  4.777874e-05  3.192799e-03 -1.000000e-01  4.777874e-06  3.192799e-04  1.108943e-06  4.224206e+01 -6.048804e+00  6.563447e-02  6.563447e-02 -1.585391e+00
 88  1.025837e+00  1.095992e+00  3.827061e+00  4.020949e-05  2.689228e-03 -1.000000e-01  4.020949e-06  2.689228e-04  8.086817e-07  4.224967e+01 -6.048986e+00  6.559326e-02  6.559326e-02 -1.585486e+00
 89  1.025834e+00  1.095765e+00  3.827061e+00  3.384347e-05  2.265057e-03 -1.000000e-01  3.384347e-06  2.265057e-04  5.921922e-07  4.225609e+01 -6.049140e+00  6.555855e-02  6.555855e-02 -1.585566e+00
 90  1.025831e+00  1.095575e+00  3.827062e+00  2.848823e-05  1.907774e-03 -1.000000e-01  2.848823e-06  1.907774e-04  4.356865e-07  4.226149e+01 -6.049268e+00  6.552932e-02  6.552932e-02 -1.585632e+00
 91  1.025828e+00  1.095414e+00  3.827062e+00  2.398245e-05  1.606836e-03 -1.000000e-01  2.398245e-06  1.606836e-04  3.221988e-07  4.226605e+01 -6.049377e+00  6.550470e-02  6.550470e-02 -1.585689e+00
 92  1.025826e+00  1.095278e+00  3.827062e+00  2.019077e-05  1.353361e-03 -1.000000e-01  2.019077e-06  1.353361e-04  2.396183e-07  4.226988e+01 -6.049468e+00  6.548397e-02  6.548397e-02 -1.585736e+00
 93  1.025825e+00  1.095165e+00  3.827062e+00  1.699961e-05  1.139865e-03 -1.000000e-01  1.699961e-06  1.139865e-04  1.792915e-07  4.227311e+01 -6.049544e+00  6.546651e-02  6.546651e-02 -1.585775e+00
 94  1.025823e+00  1.095069e+00  3.827062e+00  1.431355e-05  9.600442e-04 -1.000000e-01  1.431355e-06  9.600442e-05  1.350271e-07  4.227583e+01 -6.049609e+00  6.545181e-02  6.545181e-02 -1.585808e+00
 95  1.025822e+00  1.094988e+00  3.827063e+00  1.205242e-05  8.085884e-04 -1.000000e-01  1.205242e-06  8.085884e-05  1.023893e-07  4.227812e+01 -6.049663e+00  6.543942e-02  6.543942e-02 -1.585836e+00
 96  1.025821e+00  1.094920e+00  3.827063e+00  1.014886e-05  6.810241e-04 -1.000000e-01  1.014886e-06  6.810241e-05  7.819471e-08  4.228005e+01 -6.049708e+00  6.542899e-02  6.542899e-02 -1.585860e+00
 97  1.025820e+00  1.094862e+00  3.827063e+00  8.546216e-06  5.735831e-04 -1.000000e-01  8.546216e-07  5.735831e-05  6.015400e-08  4.228168e+01 -6.049747e+00  6.542021e-02  6.542021e-02 -1.585880e+00
 98  1.025819e+00  1.094814e+00  3.827063e+00  7.196835e-06  4.830913e-04 -1.000000e-01  7.196835e-07  4.830913e-05  4.661724e-08  4.228305e+01 -6.049779e+00  6.541281e-02  6.541281e-02 -1.585896e+00
 99  1.025819e+00  1.094773e+00  3.827063e+00  6.060643e-06  4.068753e-04 -1.000000e-01  6.060643e-07  4.068753e-05  3.639211e-08  4.228420e+01 -6.049806e+00  6.540658e-02  6.540658e-02 -1.585910e+00
100  1.025818e+00  1.094739e+00  3.827063e+00  5.103921e-06  3.426832e-04 -1.000000e-01  5.103921e-07  3.426832e-05  2.861440e-08  4.228517e+01 -6.049829e+00  6.540133e-02  6.540133e-02 -1.585922e+00

  k             x             y       f(x, y)            Sx            Sy        lambda |xk - x(k-1)| |yk - y(k-1)| |fk - f(k-1)|         angle           H00           H01           H10           H11
  1  1.983370e+00  4.966662e+00  1.014001e+00  1.662967e-01  3.333796e-01 -1.000000e-01  1.662967e-02  3.333796e-02  1.400056e-02  4.742336e+00 -1.111112e-01  1.111111e-01  1.111111e-01  1.250000e-01
  2  1.966557e+00  4.932717e+00  1.028477e+00  1.681331e-01  3.394512e-01 -1.000000e-01  1.681331e-02  3.394512e-02  1.447673e-02  4.613609e+00 -1.161597e-01  1.132905e-01  1.132905e-01  1.273303e-01
  3  1.949557e+00  4.898143e+00  1.043455e+00  1.700037e-01  3.457376e-01 -1.000000e-01  1.700037e-02  3.457376e-02  1.497736e-02  4.480427e+00 -1.215229e-01  1.155496e-01  1.155496e-01  1.297306e-01
  4  1.932366e+00  4.862918e+00  1.058959e+00  1.719086e-01  3.522495e-01 -1.000000e-01  1.719086e-02  3.522495e-02  1.550411e-02  4.342538e+00 -1.272267e-01  1.178924e-01  1.178924e-01  1.322036e-01
  5  1.914981e+00  4.827018e+00  1.075018e+00  1.738478e-01  3.589983e-01 -1.000000e-01  1.738478e-02  3.589983e-02  1.605875e-02  4.199671e+00 -1.332992e-01  1.203232e-01  1.203232e-01  1.347519e-01
  6  1.897399e+00  4.790419e+00  1.091661e+00  1.758209e-01  3.659961e-01 -1.000000e-01  1.758209e-02  3.659961e-02  1.664320e-02  4.051533e+00 -1.397717e-01  1.228466e-01  1.228466e-01  1.373781e-01
  7  1.879616e+00  4.753093e+00  1.108920e+00  1.778275e-01  3.732559e-01 -1.000000e-01  1.778275e-02  3.732559e-02  1.725953e-02  3.897807e+00 -1.466786e-01  1.254674e-01  1.254674e-01  1.400849e-01
  8  1.861629e+00  4.715014e+00  1.126830e+00  1.798671e-01  3.807913e-01 -1.000000e-01  1.798671e-02  3.807913e-02  1.791000e-02  3.738151e+00 -1.540581e-01  1.281907e-01  1.281907e-01  1.428753e-01
  9  1.843436e+00  4.676152e+00  1.145427e+00  1.819387e-01  3.886169e-01 -1.000000e-01  1.819387e-02  3.886169e-02  1.859705e-02  3.572191e+00 -1.619525e-01  1.310220e-01  1.310220e-01  1.457519e-01
 10  1.825031e+00  4.636478e+00  1.164751e+00  1.840411e-01  3.967483e-01 -1.000000e-01  1.840411e-02  3.967483e-02  1.932332e-02  3.399524e+00 -1.704085e-01  1.339668e-01  1.339668e-01  1.487178e-01
 11  1.806414e+00  4.595957e+00  1.184842e+00  1.861727e-01  4.052019e-01 -1.000000e-01  1.861727e-02  4.052019e-02  2.009168e-02  3.219708e+00 -1.794783e-01  1.370312e-01  1.370312e-01  1.517759e-01
 12  1.787581e+00  4.554558e+00  1.205748e+00  1.883315e-01  4.139953e-01 -1.000000e-01  1.883315e-02  4.139953e-02  2.090527e-02  3.032264e+00 -1.892200e-01  1.402215e-01  1.402215e-01  1.549288e-01
 13  1.768530e+00  4.512243e+00  1.227515e+00  1.905151e-01  4.231473e-01 -1.000000e-01  1.905151e-02  4.231473e-02  2.176746e-02  2.836668e+00 -1.996985e-01  1.435442e-01  1.435442e-01  1.581796e-01
 14  1.749258e+00  4.468975e+00  1.250197e+00  1.927205e-01  4.326776e-01 -1.000000e-01  1.927205e-02  4.326776e-02  2.268195e-02  2.632346e+00 -2.109862e-01  1.470063e-01  1.470063e-01  1.615309e-01
 15  1.729763e+00  4.424715e+00  1.273850e+00  1.949438e-01  4.426075e-01 -1.000000e-01  1.949438e-02  4.426075e-02  2.365274e-02  2.418670e+00 -2.231641e-01  1.506148e-01  1.506148e-01  1.649854e-01
 16  1.710045e+00  4.379419e+00  1.298534e+00  1.971805e-01  4.529595e-01 -1.000000e-01  1.971805e-02  4.529595e-02  2.468421e-02  2.194950e+00 -2.363235e-01  1.543771e-01  1.543771e-01  1.685452e-01
 17  1.690103e+00  4.333043e+00  1.324315e+00  1.994252e-01  4.637575e-01 -1.000000e-01  1.994252e-02  4.637575e-02  2.578109e-02  1.960428e+00 -2.505668e-01  1.583007e-01  1.583007e-01  1.722125e-01
 18  1.669935e+00  4.285540e+00  1.351264e+00  2.016713e-01  4.750269e-01 -1.000000e-01  2.016713e-02  4.750269e-02  2.694856e-02  1.714270e+00 -2.660092e-01  1.623932e-01  1.623932e-01  1.759887e-01
 19  1.649544e+00  4.236861e+00  1.379456e+00  2.039111e-01  4.867945e-01 -1.000000e-01  2.039111e-02  4.867945e-02  2.819222e-02  1.455553e+00 -2.827810e-01  1.666621e-01  1.666621e-01  1.798748e-01
 20  1.628931e+00  4.186952e+00  1.408974e+00  2.061352e-01  4.990889e-01 -1.000000e-01  2.061352e-02  4.990889e-02  2.951817e-02  1.183261e+00 -3.010296e-01  1.711148e-01  1.711148e-01  1.838708e-01
 21  1.608098e+00  4.135758e+00  1.439907e+00  2.083326e-01  5.119400e-01 -1.000000e-01  2.083326e-02  5.119400e-02  3.093306e-02  8.962671e-01 -3.209217e-01  1.757582e-01  1.757582e-01  1.879756e-01
 22  1.587049e+00  4.083220e+00  1.472351e+00  2.104903e-01  5.253795e-01 -1.000000e-01  2.104903e-02  5.253795e-02  3.244404e-02  5.933239e-01 -3.426468e-01  1.805987e-01  1.805987e-01  1.921864e-01
 23  1.565789e+00  4.029276e+00  1.506410e+00  2.125927e-01  5.394405e-01 -1.000000e-01  2.125927e-02  5.394405e-02  3.405890e-02  2.730462e-01 -3.664203e-01  1.856414e-01  1.856414e-01  1.964985e-01
 24  1.544327e+00  3.973860e+00  1.542196e+00  2.146218e-01  5.541573e-01 -1.000000e-01  2.146218e-02  5.541573e-02  3.578601e-02  6.610414e-02 -3.924877e-01  1.908903e-01  1.908903e-01  2.009043e-01
 25  1.522671e+00  3.916904e+00  1.579830e+00  2.165561e-01  5.695656e-01 -1.000000e-01  2.165561e-02  5.695656e-02  3.763437e-02  4.258381e-01 -4.211290e-01  1.963468e-01  1.963468e-01  2.053926e-01
 26  1.500834e+00  3.858333e+00  1.619444e+00  2.183704e-01  5.857018e-01 -1.000000e-01  2.183704e-02  5.857018e-02  3.961359e-02  8.080595e-01 -4.526643e-01  2.020100e-01  2.020100e-01  2.099471e-01
 27  1.478831e+00  3.798073e+00  1.661178e+00  2.200351e-01  6.026025e-01 -1.000000e-01  2.200351e-02  6.026025e-02  4.173385e-02  1.214888e+00 -4.874598e-01  2.078747e-01  2.078747e-01  2.145451e-01
 28  1.456679e+00  3.736043e+00  1.705184e+00  2.215158e-01  6.203039e-01 -1.000000e-01  2.215158e-02  6.203039e-02  4.400584e-02  1.648682e+00 -5.259349e-01  2.139309e-01  2.139309e-01  2.191548e-01
 29  1.434402e+00  3.672159e+00  1.751624e+00  2.227720e-01  6.388407e-01 -1.000000e-01  2.227720e-02  6.388407e-02  4.644062e-02  2.112067e+00 -5.685707e-01  2.201618e-01  2.201618e-01  2.237329e-01
 30  1.412026e+00  3.606334e+00  1.800674e+00  2.237565e-01  6.582443e-01 -1.000000e-01  2.237565e-02  6.582443e-02  4.904934e-02  2.607961e+00 -6.159185e-01  2.265423e-01  2.265423e-01  2.282202e-01
 31  1.389585e+00  3.538480e+00  1.852517e+00  2.244148e-01  6.785409e-01 -1.000000e-01  2.244148e-02  6.785409e-02  5.184296e-02  3.139598e+00 -6.686104e-01  2.330363e-01  2.330363e-01  2.325363e-01
 32  1.367117e+00  3.468505e+00  1.907348e+00  2.246836e-01  6.997488e-01 -1.000000e-01  2.246836e-02  6.997488e-02  5.483165e-02  3.710555e+00 -7.273706e-01  2.395943e-01  2.395943e-01  2.365727e-01
 33  1.344668e+00  3.396318e+00  1.965372e+00  2.244903e-01  7.218735e-01 -1.000000e-01  2.244903e-02  7.218735e-02  5.802403e-02  4.324770e+00 -7.930268e-01  2.461498e-01  2.461498e-01  2.401834e-01
 34  1.322292e+00  3.321828e+00  2.026798e+00  2.237518e-01  7.449033e-01 -1.000000e-01  2.237518e-02  7.449033e-02  6.142600e-02  4.986553e+00 -8.665225e-01  2.526158e-01  2.526158e-01  2.431721e-01
 35  1.300055e+00  3.244948e+00  2.091837e+00  2.223743e-01  7.688007e-01 -1.000000e-01  2.223743e-02  7.688007e-02  6.503907e-02  5.700582e+00 -9.489286e-01  2.588806e-01  2.588806e-01  2.452765e-01
 36  1.278030e+00  3.165598e+00  2.160695e+00  2.202529e-01  7.934931e-01 -1.000000e-01  2.202529e-02  7.934931e-02  6.885808e-02  6.471877e+00 -1.041452e+00  2.648038e-01  2.648038e-01  2.461473e-01
 37  1.256302e+00  3.083712e+00  2.233563e+00  2.172727e-01  8.188594e-01 -1.000000e-01  2.172727e-02  8.188594e-02  7.286801e-02  7.305748e+00 -1.145440e+00  2.702126e-01  2.702126e-01  2.453219e-01
 38  1.234971e+00  2.999241e+00  2.310603e+00  2.133102e-01  8.447121e-01 -1.000000e-01  2.133102e-02  8.447121e-02  7.703958e-02  8.207693e+00 -1.262379e+00  2.748987e-01  2.748987e-01  2.421925e-01
 39  1.214148e+00  2.912163e+00  2.391927e+00  2.082373e-01  8.707756e-01 -1.000000e-01  2.082373e-02  8.707756e-02  8.132360e-02  9.183241e+00 -1.393875e+00  2.786182e-01  2.786182e-01  2.359685e-01
 40  1.193955e+00  2.822498e+00  2.477570e+00  2.019278e-01  8.966582e-01 -1.000000e-01  2.019278e-02  8.966582e-02  8.564368e-02  1.023771e+01 -1.541615e+00  2.810950e-01  2.810950e-01  2.256359e-01
 41  1.174528e+00  2.730316e+00  2.567458e+00  1.942671e-01  9.218196e-01 -1.000000e-01  1.942671e-02  9.218196e-02  8.988757e-02  1.137588e+01 -1.707302e+00  2.820300e-01  2.820300e-01  2.099182e-01
 42  1.156012e+00  2.635762e+00  2.661356e+00  1.851658e-01  9.455343e-01 -1.000000e-01  1.851658e-02  9.455343e-02  9.389770e-02  1.260152e+01 -1.892544e+00  2.811183e-01  2.811183e-01  1.872492e-01
 43  1.138554e+00  2.539077e+00  2.758818e+00  1.745788e-01  9.668561e-01 -1.000000e-01  1.745788e-02  9.668561e-02  9.746253e-02  1.391683e+01 -2.098679e+00  2.780773e-01  2.780773e-01  1.557750e-01
 44  1.122301e+00  2.440617e+00  2.859130e+00  1.625276e-01  9.845921e-01 -1.000000e-01  1.625276e-02  9.845921e-02  1.003121e-01  1.532166e+01 -2.326543e+00  2.726848e-01  2.726848e-01  1.134096e-01
 45  1.107388e+00  2.340887e+00  2.961252e+00  1.491251e-01  9.973001e-01 -1.000000e-01  1.491251e-02  9.973001e-02  1.021224e-01  1.681276e+01 -2.576157e+00  2.648254e-01  2.648254e-01  5.797794e-02
 46  1.093929e+00  2.240554e+00  3.063789e+00  1.345970e-01  1.003330e+00 -1.000000e-01  1.345970e-02  1.003330e-01  1.025363e-01  1.838286e+01 -2.846361e+00  2.545389e-01  2.545389e-01 -1.252305e-02
 47  1.082000e+00  2.140462e+00  3.164995e+00  1.192926e-01  1.000930e+00 -1.000000e-01  1.192926e-02  1.000930e-01  1.012063e-01  2.001996e+01 -3.134438e+00  2.420565e-01  2.420565e-01 -9.952823e-02
 48  1.071632e+00  2.041617e+00  3.262857e+00  1.036764e-01  9.884437e-01 -1.000000e-01  1.036764e-02  9.884437e-02  9.786146e-02  2.170692e+01 -3.435828e+00  2.278093e-01  2.278093e-01 -2.034056e-01
 49  1.062803e+00  1.945159e+00  3.355246e+00  8.829056e-02  9.645820e-01 -1.000000e-01  8.829056e-03  9.645820e-02  9.238941e-02  2.342162e+01 -3.744068e+00  2.123953e-01  2.123953e-01 -3.229584e-01
 50  1.055434e+00  1.852285e+00  3.440155e+00  7.369021e-02  9.287389e-01 -1.000000e-01  7.369021e-03  9.287389e-02  8.490896e-02  2.513794e+01 -4.051102e+00  1.965028e-01  1.965028e-01 -4.551107e-01
 51  1.049398e+00  1.764159e+00  3.515955e+00  6.036204e-02  8.812620e-01 -1.000000e-01  6.036204e-03  8.812620e-02  7.579995e-02  2.682765e+01 -4.348037e+00  1.808067e-01  1.808067e-01 -5.949804e-01
 52  1.044533e+00  1.681802e+00  3.581618e+00  4.865064e-02  8.235687e-01 -1.000000e-01  4.865064e-03  8.235687e-02  6.566314e-02  2.846286e+01 -4.626247e+00  1.658718e-01  1.658718e-01 -7.364537e-01
 53  1.040661e+00  1.605999e+00  3.636830e+00  3.871764e-02  7.580313e-01 -1.000000e-01  3.871764e-03  7.580313e-02  5.521156e-02  3.001864e+01 -4.878585e+00  1.520932e-01  1.520932e-01 -8.731670e-01
 54  1.037606e+00  1.537235e+00  3.681959e+00  3.054668e-02  6.876370e-01 -1.000000e-01  3.054668e-03  6.876370e-02  4.512940e-02  3.147508e+01 -5.100311e+00  1.396870e-01  1.396870e-01 -9.995893e-01
 55  1.035207e+00  1.475683e+00  3.717910e+00  2.398655e-02  6.155240e-01 -1.000000e-01  2.398655e-03  6.155240e-02  3.595154e-02  3.281843e+01 -5.289486e+00  1.287204e-01  1.287204e-01 -1.111836e+00
 56  1.033326e+00  1.421229e+00  3.745913e+00  1.881095e-02  5.445418e-01 -1.000000e-01  1.881095e-03  5.445418e-02  2.800214e-02  3.404114e+01 -5.446747e+00  1.191580e-01  1.191580e-01 -1.207977e+00
 57  1.031849e+00  1.373533e+00  3.767311e+00  1.477241e-02  4.769517e-01 -1.000000e-01  1.477241e-03  4.769517e-02  2.139818e-02  3.514120e+01 -5.574659e+00  1.109038e-01  1.109038e-01 -1.287859e+00
 58  1.030685e+00  1.332103e+00  3.783407e+00  1.163864e-02  4.143084e-01 -1.000000e-01  1.163864e-03  4.143084e-02  1.609665e-02  3.612102e+01 -5.676918e+00  1.038325e-01  1.038325e-01 -1.352619e+00
 59  1.029764e+00  1.296353e+00  3.795364e+00  9.210345e-03  3.574928e-01 -1.000000e-01  9.210345e-04  3.574928e-02  1.195627e-02  3.698621e+01 -5.757622e+00  9.780862e-02  9.780862e-02 -1.404132e+00
 60  1.029032e+00  1.265670e+00  3.804156e+00  7.325772e-03  3.068335e-01 -1.000000e-01  7.325772e-04  3.068335e-02  8.792313e-03  3.774456e+01 -5.820750e+00  9.269872e-02  9.269872e-02 -1.444542e+00
 61  1.028446e+00  1.239444e+00  3.810571e+00  5.858004e-03  2.622577e-01 -1.000000e-01  5.858004e-04  2.622577e-02  6.415192e-03  3.840506e+01 -5.869866e+00  8.837746e-02  8.837746e-02 -1.475941e+00
 62  1.027975e+00  1.217101e+00  3.815224e+00  4.709393e-03  2.234325e-01 -1.000000e-01  4.709393e-04  2.234325e-02  4.652461e-03  3.897728e+01 -5.907986e+00  8.473111e-02  8.473111e-02 -1.500197e+00
 63  1.027594e+00  1.198113e+00  3.818582e+00  3.805592e-03  1.898785e-01 -1.000000e-01  3.805592e-04  1.898785e-02  3.358380e-03  3.947076e+01 -5.937569e+00  8.165884e-02  8.165884e-02 -1.518884e+00
 64  1.027285e+00  1.182008e+00  3.820998e+00  3.090260e-03  1.610516e-01 -1.000000e-01  3.090260e-04  1.610516e-02  2.415602e-03  3.989471e+01 -5.960568e+00  7.907277e-02  7.907277e-02 -1.533276e+00
 65  1.027033e+00  1.168368e+00  3.822730e+00  2.520732e-03  1.363972e-01 -1.000000e-01  2.520732e-04  1.363972e-02  1.732757e-03  4.025776e+01 -5.978505e+00  7.689724e-02  7.689724e-02 -1.544377e+00
 66  1.026827e+00  1.156830e+00  3.823971e+00  2.064641e-03  1.153836e-01 -1.000000e-01  2.064641e-04  1.153836e-02  1.240371e-03  4.056782e+01 -5.992554e+00  7.506765e-02  7.506765e-02 -1.552966e+00
 67  1.026657e+00  1.147078e+00  3.824857e+00  1.697350e-03  9.751992e-02 -1.000000e-01  1.697350e-04  9.751992e-03  8.865194e-04  4.083202e+01 -6.003612e+00  7.352919e-02  7.352919e-02 -1.559640e+00
 68  1.026517e+00  1.138841e+00  3.825490e+00  1.400015e-03  8.236426e-02 -1.000000e-01  1.400015e-04  8.236426e-03  6.328797e-04  4.105673e+01 -6.012361e+00  7.223554e-02  7.223554e-02 -1.564852e+00
 69  1.026401e+00  1.131889e+00  3.825942e+00  1.158140e-03  6.952586e-02 -1.000000e-01  1.158140e-04  6.952586e-03  4.514269e-04  4.124754e+01 -6.019323e+00  7.114769e-02  7.114769e-02 -1.568944e+00
 70  1.026305e+00  1.126022e+00  3.826263e+00  9.605074e-04  5.866330e-02 -1.000000e-01  9.605074e-05  5.866330e-03  3.218090e-04  4.140935e+01 -6.024893e+00  7.023279e-02  7.023279e-02 -1.572175e+00
 71  1.026225e+00  1.121074e+00  3.826493e+00  7.983789e-04  4.948095e-02 -1.000000e-01  7.983789e-05  4.948095e-03  2.293218e-04  4.154642e+01 -6.029373e+00  6.946325e-02  6.946325e-02 -1.574742e+00
 72  1.026159e+00  1.116902e+00  3.826656e+00  6.649011e-04  4.172450e-02 -1.000000e-01  6.649011e-05  4.172450e-03  1.633834e-04  4.166243e+01 -6.032995e+00  6.881588e-02  6.881588e-02 -1.576793e+00
 73  1.026103e+00  1.113384e+00  3.826773e+00  5.546637e-04  3.517624e-02 -1.000000e-01  5.546637e-05  3.517624e-03  1.164009e-04  4.176053e+01 -6.035938e+00  6.827121e-02  6.827121e-02 -1.578441e+00
 74  1.026057e+00  1.110419e+00  3.826855e+00  4.633673e-04  2.965044e-02 -1.000000e-01  4.633673e-05  2.965044e-03  8.293839e-05  4.184343e+01 -6.038340e+00  6.781290e-02  6.781290e-02 -1.579772e+00
 75  1.026018e+00  1.107920e+00  3.826915e+00  3.875743e-04  2.498912e-02 -1.000000e-01  3.875743e-05  2.498912e-03  5.911107e-05  4.191346e+01 -6.040307e+00  6.742720e-02  6.742720e-02 -1.580852e+00
 76  1.025986e+00  1.105815e+00  3.826957e+00  3.245196e-04  2.105816e-02 -1.000000e-01  3.245196e-05  2.105816e-03  4.214631e-05  4.197258e+01 -6.041925e+00  6.710258e-02  6.710258e-02 -1.581734e+00
 77  1.025959e+00  1.104040e+00  3.826987e+00  2.719668e-04  1.774388e-02 -1.000000e-01  2.719668e-05  1.774388e-03  3.006727e-05  4.202247e+01 -6.043260e+00  6.682933e-02  6.682933e-02 -1.582455e+00
 78  1.025936e+00  1.102545e+00  3.827008e+00  2.280982e-04  1.495007e-02 -1.000000e-01  2.280982e-05  1.495007e-03  2.146560e-05  4.206456e+01 -6.044364e+00  6.659932e-02  6.659932e-02 -1.583048e+00
 79  1.025917e+00  1.101286e+00  3.827024e+00  1.914297e-04  1.259533e-02 -1.000000e-01  1.914297e-05  1.259533e-03  1.533854e-05  4.210006e+01 -6.045281e+00  6.640567e-02  6.640567e-02 -1.583537e+00
 80  1.025901e+00  1.100225e+00  3.827035e+00  1.607442e-04  1.061093e-02 -1.000000e-01  1.607442e-05  1.061093e-03  1.097242e-05  4.213000e+01 -6.046042e+00  6.624264e-02  6.624264e-02 -1.583941e+00
 81  1.025887e+00  1.099331e+00  3.827042e+00  1.350404e-04  8.938771e-03 -1.000000e-01  1.350404e-05  8.938771e-04  7.859479e-06  4.215524e+01 -6.046676e+00  6.610538e-02  6.610538e-02 -1.584277e+00
 82  1.025876e+00  1.098578e+00  3.827048e+00  1.134915e-04  7.529854e-03 -1.000000e-01  1.134915e-05  7.529854e-04  5.638516e-06  4.217651e+01 -6.047205e+00  6.598980e-02  6.598980e-02 -1.584556e+00
 83  1.025866e+00  1.097943e+00  3.827052e+00  9.541305e-05  6.342817e-03 -1.000000e-01  9.541305e-06  6.342817e-04  4.052616e-06  4.219444e+01 -6.047647e+00  6.589248e-02  6.589248e-02 -1.584788e+00
 84  1.025858e+00  1.097409e+00  3.827055e+00  8.023702e-05  5.342774e-03 -1.000000e-01  8.023702e-06  5.342774e-04  2.919035e-06  4.220955e+01 -6.048017e+00  6.581053e-02  6.581053e-02 -1.584981e+00
 85  1.025851e+00  1.096959e+00  3.827057e+00  6.749090e-05  4.500308e-03 -1.000000e-01  6.749090e-06  4.500308e-04  2.107778e-06  4.222229e+01 -6.048327e+00  6.574152e-02  6.574152e-02 -1.585143e+00
 86  1.025846e+00  1.096580e+00  3.827059e+00  5.678101e-05  3.790619e-03 -1.000000e-01  5.678101e-06  3.790619e-04  1.526355e-06  4.223302e+01 -6.048586e+00  6.568341e-02  6.568341e-02 -1.585278e+00
 87  1.025841e+00  1.096261e+00  3.827060e+00  4.777874e-05  3.192799e-03 -1.000000e-01  4.777874e-06  3.192799e-04  1.108943e-06  4.224206e+01 -6.048804e+00  6.563447e-02  6.563447e-02 -1.585391e+00
 88  1.025837e+00  1.095992e+00  3.827061e+00  4.020949e-05  2.689228e-03 -1.000000e-01  4.020949e-06  2.689228e-04  8.086817e-07  4.224967e+01 -6.048986e+00  6.559326e-02  6.559326e-02 -1.585486e+00
 89  1.025834e+00  1.095765e+00  3.827061e+00  3.384347e-05  2.265057e-03 -1.000000e-01  3.384347e-06  2.265057e-04  5.921922e-07  4.225609e+01 -6.049140e+00  6.555855e-02  6.555855e-02 -1.585566e+00
 90  1.025831e+00  1.095575e+00  3.827062e+00  2.848823e-05  1.907774e-03 -1.000000e-01  2.848823e-06  1.907774e-04  4.356865e-07  4.226149e+01 -6.049268e+00  6.552932e-02  6.552932e-02 -1.585632e+00
 91  1.025828e+00  1.095414e+00  3.827062e+00  2.398245e-05  1.606836e-03 -1.000000e-01  2.398245e-06  1.606836e-04  3.221988e-07  4.226605e+01 -6.049377e+00  6.550470e-02  6.550470e-02 -1.585689e+00
 92  1.025826e+00  1.095278e+00  3.827062e+00  2.019077e-05  1.353361e-03 -1.000000e-01  2.019077e-06  1.353361e-04  2.396183e-07  4.226988e+01 -6.049468e+00  6.548397e-02  6.548397e-02 -1.585736e+00
 93  1.025825e+00  1.095165e+00  3.827062e+00  1.699961e-05  1.139865e-03 -1.000000e-01  1.699961e-06  1.139865e-04  1.792915e-07  4.227311e+01 -6.049544e+00  6.546651e-02  6.546651e-02 -1.585775e+00
 94  1.025823e+00  1.095069e+00  3.827062e+00  1.431355e-05  9.600442e-04 -1.000000e-01  1.431355e-06  9.600442e-05  1.350271e-07  4.227583e+01 -6.049609e+00  6.545181e-02  6.545181e-02 -1.585808e+00
 95  1.025822e+00  1.094988e+00  3.827063e+00  1.205242e-05  8.085884e-04 -1.000000e-01  1.205242e-06  8.085884e-05  1.023893e-07  4.227812e+01 -6.049663e+00  6.543942e-02  6.543942e-02 -1.585836e+00
 96  1.025821e+00  1.094920e+00  3.827063e+00  1.014886e-05  6.810241e-04 -1.000000e-01  1.014886e-06  6.810241e-05  7.819471e-08  4.228005e+01 -6.049708e+00  6.542899e-02  6.542899e-02 -1.585860e+00
 97  1.025820e+00  1.094862e+00  3.827063e+00  8.546216e-06  5.735831e-04 -1.000000e-01  8.546216e-07  5.735831e-05  6.015400e-08  4.228168e+01 -6.049747e+00  6.542021e-02  6.542021e-02 -1.585880e+00
 98  1.025819e+00  1.094814e+00  3.827063e+00  7.196835e-06  4.830913e-04 -1.000000e-01  7.196835e-07  4.830913e-05  4.661724e-08  4.228305e+01 -6.049779e+00  6.541281e-02  6.541281e-02 -1.585896e+00
 99  1.025819e+00  1.094773e+00  3.827063e+00  6.060643e-06  4.068753e-04 -1.000000e-01  6.060643e-07  4.068753e-05  3.639211e-08  4.228420e+01 -6.049806e+00  6.540658e-02  6.540658e-02 -1.585910e+00
100  1.025818e+00  1.094739e+00  3.827063e+00  5.103921e-06  3.426832e-04 -1.000000e-01  5.103921e-07  3.426832e-05  2.861440e-08  4.228517e+01 -6.049829e+00  6.540133e-02  6.540133e-02 -1.585922e+00

  k             x             y       f(x, y)            Sx            Sy        lambda |xk - x(k-1)| |yk - y(k-1)| |fk - f(k-1)|         angle           H00           H01           H10           H11
  1  1.983370e+00  4.966662e+00  1.014001e+00  1.662967e-01  3.333796e-01 -1.000000e-01  1.662967e-02  3.333796e-02  1.400056e-02  4.742336e+00 -1.111112e-01  1.111111e-01  1.111111e-01  1.250000e-01
  2  1.966557e+00  4.932717e+00  1.028477e+00  1.681331e-01  3.394512e-01 -1.000000e-01  1.681331e-02  3.394512e-02  1.447673e-02  4.613609e+00 -1.161597e-01  1.132905e-01  1.132905e-01  1.273303e-01
  3  1.949557e+00  4.898143e+00  1.043455e+00  1.700037e-01  3.457376e-01 -1.000000e-01  1.700037e-02  3.457376e-02  1.497736e-02  4.480427e+00 -1.215229e-01  1.155496e-01  1.155496e-01  1.297306e-01
  4  1.932366e+00  4.862918e+00  1.058959e+00  1.719086e-01  3.522495e-01 -1.000000e-01  1.719086e-02  3.522495e-02  1.550411e-02  4.342538e+00 -1.272267e-01  1.178924e-01  1.178924e-01  1.322036e-01
  5  1.914981e+00  4.827018e+00  1.075018e+00  1.738478e-01  3.589983e-01 -1.000000e-01  1.738478e-02  3.589983e-02  1.605875e-02  4.199671e+00 -1.332992e-01  1.203232e-01  1.203232e-01  1.347519e-01
  6  1.897399e+00  4.790419e+00  1.091661e+00  1.758209e-01  3.659961e-01 -1.000000e-01  1.758209e-02  3.659961e-02  1.664320e-02  4.051533e+00 -1.397717e-01  1.228466e-01  1.228466e-01  1.373781e-01
  7  1.879616e+00  4.753093e+00  1.108920e+00  1.778275e-01  3.732559e-01 -1.000000e-01  1.778275e-02  3.732559e-02  1.725953e-02  3.897807e+00 -1.466786e-01  1.254674e-01  1.254674e-01  1.400849e-01
  8  1.861629e+00  4.715014e+00  1.126830e+00  1.798671e-01  3.807913e-01 -1.000000e-01  1.798671e-02  3.807913e-02  1.791000e-02  3.738151e+00 -1.540581e-01  1.281907e-01  1.281907e-01  1.428753e-01
  9  1.843436e+00  4.676152e+00  1.145427e+00  1.819387e-01  3.886169e-01 -1.000000e-01  1.819387e-02  3.886169e-02  1.859705e-02  3.572191e+00 -1.619525e-01  1.310220e-01  1.310220e-01  1.457519e-01
 10  1.825031e+00  4.636478e+00  1.164751e+00  1.840411e-01  3.967483e-01 -1.000000e-01  1.840411e-02  3.967483e-02  1.932332e-02  3.399524e+00 -1.704085e-01  1.339668e-01  1.339668e-01  1.487178e-01
 11  1.806414e+00  4.595957e+00  1.184842e+00  1.861727e-01  4.052019e-01 -1.000000e-01  1.861727e-02  4.052019e-02  2.009168e-02  3.219708e+00 -1.794783e-01  1.370312e-01  1.370312e-01  1.517759e-01
 12  1.787581e+00  4.554558e+00  1.205748e+00  1.883315e-01  4.139953e-01 -1.000000e-01  1.883315e-02  4.139953e-02  2.090527e-02  3.032264e+00 -1.892200e-01  1.402215e-01  1.402215e-01  1.549288e-01
 13  1.768530e+00  4.512243e+00  1.227515e+00  1.905151e-01  4.231473e-01 -1.000000e-01  1.905151e-02  4.231473e-02  2.176746e-02  2.836668e+00 -1.996985e-01  1.435442e-01  1.435442e-01  1.581796e-01
 14  1.749258e+00  4.468975e+00  1.250197e+00  1.927205e-01  4.326776e-01 -1.000000e-01  1.927205e-02  4.326776e-02  2.268195e-02  2.632346e+00 -2.109862e-01  1.470063e-01  1.470063e-01  1.615309e-01
 15  1.729763e+00  4.424715e+00  1.273850e+00  1.949438e-01  4.426075e-01 -1.000000e-01  1.949438e-02  4.426075e-02  2.365274e-02  2.418670e+00 -2.231641e-01  1.506148e-01  1.506148e-01  1.649854e-01
 16  1.710045e+00  4.379419e+00  1.298534e+00  1.971805e-01  4.529595e-01 -1.000000e-01  1.971805e-02  4.529595e-02  2.468421e-02  2.194950e+00 -2.363235e-01  1.543771e-01  1.543771e-01  1.685452e-01
 17  1.690103e+00  4.333043e+00  1.324315e+00  1.994252e-01  4.637575e-01 -1.000000e-01  1.994252e-02  4.637575e-02  2.578109e-02  1.960428e+00 -2.505668e-01  1.583007e-01  1.583007e-01  1.722125e-01
 18  1.669935e+00  4.285540e+00  1.351264e+00  2.016713e-01  4.750269e-01 -1.000000e-01  2.016713e-02  4.750269e-02  2.694856e-02  1.714270e+00 -2.660092e-01  1.623932e-01  1.623932e-01  1.759887e-01
 19  1.649544e+00  4.236861e+00  1.379456e+00  2.039111e-01  4.867945e-01 -1.000000e-01  2.039111e-02  4.867945e-02  2.819222e-02  1.455553e+00 -2.827810e-01  1.666621e-01  1.666621e-01  1.798748e-01
 20  1.628931e+00  4.186952e+00  1.408974e+00  2.061352e-01  4.990889e-01 -1.000000e-01  2.061352e-02  4.990889e-02  2.951817e-02  1.183261e+00 -3.010296e-01  1.711148e-01  1.711148e-01  1.838708e-01
 21  1.608098e+00  4.135758e+00  1.439907e+00  2.083326e-01  5.119400e-01 -1.000000e-01  2.083326e-02  5.119400e-02  3.093306e-02  8.962671e-01 -3.209217e-01  1.757582e-01  1.757582e-01  1.879756e-01
 22  1.587049e+00  4.083220e+00  1.472351e+00  2.104903e-01  5.253795e-01 -1.000000e-01  2.104903e-02  5.253795e-02  3.244404e-02  5.933239e-01 -3.426468e-01  1.805987e-01  1.805987e-01  1.921864e-01
 23  1.565789e+00  4.029276e+00  1.506410e+00  2.125927e-01  5.394405e-01 -1.000000e-01  2.125927e-02  5.394405e-02  3.405890e-02  2.730462e-01 -3.664203e-01  1.856414e-01  1.856414e-01  1.964985e-01
 24  1.544327e+00  3.973860e+00  1.542196e+00  2.146218e-01  5.541573e-01 -1.000000e-01  2.146218e-02  5.541573e-02  3.578601e-02  6.610414e-02 -3.924877e-01  1.908903e-01  1.908903e-01  2.009043e-01
 25  1.522671e+00  3.916904e+00  1.579830e+00  2.165561e-01  5.695656e-01 -1.000000e-01  2.165561e-02  5.695656e-02  3.763437e-02  4.258381e-01 -4.211290e-01  1.963468e-01  1.963468e-01  2.053926e-01
 26  1.500834e+00  3.858333e+00  1.619444e+00  2.183704e-01  5.857018e-01 -1.000000e-01  2.183704e-02  5.857018e-02  3.961359e-02  8.080595e-01 -4.526643e-01  2.020100e-01  2.020100e-01  2.099471e-01
 27  1.478831e+00  3.798073e+00  1.661178e+00  2.200351e-01  6.026025e-01 -1.000000e-01  2.200351e-02  6.026025e-02  4.173385e-02  1.214888e+00 -4.874598e-01  2.078747e-01  2.078747e-01  2.145451e-01
 28  1.456679e+00  3.736043e+00  1.705184e+00  2.215158e-01  6.203039e-01 -1.000000e-01  2.215158e-02  6.203039e-02  4.400584e-02  1.648682e+00 -5.259349e-01  2.139309e-01  2.139309e-01  2.191548e-01
 29  1.434402e+00  3.672159e+00  1.751624e+00  2.227720e-01  6.388407e-01 -1.000000e-01  2.227720e-02  6.388407e-02  4.644062e-02  2.112067e+00 -5.685707e-01  2.201618e-01  2.201618e-01  2.237329e-01
 30  1.412026e+00  3.606334e+00  1.800674e+00  2.237565e-01  6.582443e-01 -1.000000e-01  2.237565e-02  6.582443e-02  4.904934e-02  2.607961e+00 -6.159185e-01  2.265423e-01  2.265423e-01  2.282202e-01
 31  1.389585e+00  3.538480e+00  1.852517e+00  2.244148e-01  6.785409e-01 -1.000000e-01  2.244148e-02  6.785409e-02  5.184296e-02  3.139598e+00 -6.686104e-01  2.330363e-01  2.330363e-01  2.325363e-01
 32  1.367117e+00  3.468505e+00  1.907348e+00  2.246836e-01  6.997488e-01 -1.000000e-01  2.246836e-02  6.997488e-02  5.483165e-02  3.710555e+00 -7.273706e-01  2.395943e-01  2.395943e-01  2.365727e-01
 33  1.344668e+00  3.396318e+00  1.965372e+00  2.244903e-01  7.218735e-01 -1.000000e-01  2.244903e-02  7.218735e-02  5.802403e-02  4.324770e+00 -7.930268e-01  2.461498e-01  2.461498e-01  2.401834e-01
 34  1.322292e+00  3.321828e+00  2.026798e+00  2.237518e-01  7.449033e-01 -1.000000e-01  2.237518e-02  7.449033e-02  6.142600e-02  4.986553e+00 -8.665225e-01  2.526158e-01  2.526158e-01  2.431721e-01
 35  1.300055e+00  3.244948e+00  2.091837e+00  2.223743e-01  7.688007e-01 -1.000000e-01  2.223743e-02  7.688007e-02  6.503907e-02  5.700582e+00 -9.489286e-01  2.588806e-01  2.588806e-01  2.452765e-01
 36  1.278030e+00  3.165598e+00  2.160695e+00  2.202529e-01  7.934931e-01 -1.000000e-01  2.202529e-02  7.934931e-02  6.885808e-02  6.471877e+00 -1.041452e+00  2.648038e-01  2.648038e-01  2.461473e-01
 37  1.256302e+00  3.083712e+00  2.233563e+00  2.172727e-01  8.188594e-01 -1.000000e-01  2.172727e-02  8.188594e-02  7.286801e-02  7.305748e+00 -1.145440e+00  2.702126e-01  2.702126e-01  2.453219e-01
 38  1.234971e+00  2.999241e+00  2.310603e+00  2.133102e-01  8.447121e-01 -1.000000e-01  2.133102e-02  8.447121e-02  7.703958e-02  8.207693e+00 -1.262379e+00  2.748987e-01  2.748987e-01  2.421925e-01
 39  1.214148e+00  2.912163e+00  2.391927e+00  2.082373e-01  8.707756e-01 -1.000000e-01  2.082373e-02  8.707756e-02  8.132360e-02  9.183241e+00 -1.393875e+00  2.786182e-01  2.786182e-01  2.359685e-01
 40  1.193955e+00  2.822498e+00  2.477570e+00  2.019278e-01  8.966582e-01 -1.000000e-01  2.019278e-02  8.966582e-02  8.564368e-02  1.023771e+01 -1.541615e+00  2.810950e-01  2.810950e-01  2.256359e-01
 41  1.174528e+00  2.730316e+00  2.567458e+00  1.942671e-01  9.218196e-01 -1.000000e-01  1.942671e-02  9.218196e-02  8.988757e-02  1.137588e+01 -1.707302e+00  2.820300e-01  2.820300e-01  2.099182e-01
 42  1.156012e+00  2.635762e+00  2.661356e+00  1.851658e-01  9.455343e-01 -1.000000e-01  1.851658e-02  9.455343e-02  9.389770e-02  1.260152e+01 -1.892544e+00  2.811183e-01  2.811183e-01  1.872492e-01
 43  1.138554e+00  2.539077e+00  2.758818e+00  1.745788e-01  9.668561e-01 -1.000000e-01  1.745788e-02  9.668561e-02  9.746253e-02  1.391683e+01 -2.098679e+00  2.780773e-01  2.780773e-01  1.557750e-01
 44  1.122301e+00  2.440617e+00  2.859130e+00  1.625276e-01  9.845921e-01 -1.000000e-01  1.625276e-02  9.845921e-02  1.003121e-01  1.532166e+01 -2.326543e+00  2.726848e-01  2.726848e-01  1.134096e-01
 45  1.107388e+00  2.340887e+00  2.961252e+00  1.491251e-01  9.973001e-01 -1.000000e-01  1.491251e-02  9.973001e-02  1.021224e-01  1.681276e+01 -2.576157e+00  2.648254e-01  2.648254e-01  5.797794e-02
 46  1.093929e+00  2.240554e+00  3.063789e+00  1.345970e-01  1.003330e+00 -1.000000e-01  1.345970e-02  1.003330e-01  1.025363e-01  1.838286e+01 -2.846361e+00  2.545389e-01  2.545389e-01 -1.252305e-02
 47  1.082000e+00  2.140462e+00  3.164995e+00  1.192926e-01  1.000930e+00 -1.000000e-01  1.192926e-02  1.000930e-01  1.012063e-01  2.001996e+01 -3.134438e+00  2.420565e-01  2.420565e-01 -9.952823e-02
 48  1.071632e+00  2.041617e+00  3.262857e+00  1.036764e-01  9.884437e-01 -1.000000e-01  1.036764e-02  9.884437e-02  9.786146e-02  2.170692e+01 -3.435828e+00  2.278093e-01  2.278093e-01 -2.034056e-01
 49  1.062803e+00  1.945159e+00  3.355246e+00  8.829056e-02  9.645820e-01 -1.000000e-01  8.829056e-03  9.645820e-02  9.238941e-02  2.342162e+01 -3.744068e+00  2.123953e-01  2.123953e-01 -3.229584e-01
 50  1.055434e+00  1.852285e+00  3.440155e+00  7.369021e-02  9.287389e-01 -1.000000e-01  7.369021e-03  9.287389e-02  8.490896e-02  2.513794e+01 -4.051102e+00  1.965028e-01  1.965028e-01 -4.551107e-01
 51  1.049398e+00  1.764159e+00  3.515955e+00  6.036204e-02  8.812620e-01 -1.000000e-01  6.036204e-03  8.812620e-02  7.579995e-02  2.682765e+01 -4.348037e+00  1.808067e-01  1.808067e-01 -5.949804e-01
 52  1.044533e+00  1.681802e+00  3.581618e+00  4.865064e-02  8.235687e-01 -1.000000e-01  4.865064e-03  8.235687e-02  6.566314e-02  2.846286e+01 -4.626247e+00  1.658718e-01  1.658718e-01 -7.364537e-01
 53  1.040661e+00  1.605999e+00  3.636830e+00  3.871764e-02  7.580313e-01 -1.000000e-01  3.871764e-03  7.580313e-02  5.521156e-02  3.001864e+01 -4.878585e+00  1.520932e-01  1.520932e-01 -8.731670e-01
 54  1.037606e+00  1.537235e+00  3.681959e+00  3.054668e-02  6.876370e-01 -1.000000e-01  3.054668e-03  6.876370e-02  4.512940e-02  3.147508e+01 -5.100311e+00  1.396870e-01  1.396870e-01 -9.995893e-01
 55  1.035207e+00  1.475683e+00  3.717910e+00  2.398655e-02  6.155240e-01 -1.000000e-01  2.398655e-03  6.155240e-02  3.595154e-02  3.281843e+01 -5.289486e+00  1.287204e-01  1.287204e-01 -1.111836e+00
 56  1.033326e+00  1.421229e+00  3.745913e+00  1.881095e-02  5.445418e-01 -1.000000e-01  1.881095e-03  5.445418e-02  2.800214e-02  3.404114e+01 -5.446747e+00  1.191580e-01  1.191580e-01 -1.207977e+00
 57  1.031849e+00  1.373533e+00  3.767311e+00  1.477241e-02  4.769517e-01 -1.000000e-01  1.477241e-03  4.769517e-02  2.139818e-02  3.514120e+01 -5.574659e+00  1.109038e-01  1.109038e-01 -1.287859e+00
 58  1.030685e+00  1.332103e+00  3.783407e+00  1.163864e-02  4.143084e-01 -1.000000e-01  1.163864e-03  4.143084e-02  1.609665e-02  3.612102e+01 -5.676918e+00  1.038325e-01  1.038325e-01 -1.352619e+00
 59  1.029764e+00  1.296353e+00  3.795364e+00  9.210345e-03  3.574928e-01 -1.000000e-01  9.210345e-04  3.574928e-02  1.195627e-02  3.698621e+01 -5.757622e+00  9.780862e-02  9.780862e-02 -1.404132e+00
 60  1.029032e+00  1.265670e+00  3.804156e+00  7.325772e-03  3.068335e-01 -1.000000e-01  7.325772e-04  3.068335e-02  8.792313e-03  3.774456e+01 -5.820750e+00  9.269872e-02  9.269872e-02 -1.444542e+00
 61  1.028446e+00  1.239444e+00  3.810571e+00  5.858004e-03  2.622577e-01 -1.000000e-01  5.858004e-04  2.622577e-02  6.415192e-03  3.840506e+01 -5.869866e+00  8.837746e-02  8.837746e-02 -1.475941e+00
 62  1.027975e+00  1.217101e+00  3.815224e+00  4.709393e-03  2.234325e-01 -1.000000e-01  4.709393e-04  2.234325e-02  4.652461e-03  3.897728e+01 -5.907986e+00  8.473111e-02  8.473111e-02 -1.500197e+00
 63  1.027594e+00  1.198113e+00  3.818582e+00  3.805592e-03  1.898785e-01 -1.000000e-01  3.805592e-04  1.898785e-02  3.358380e-03  3.947076e+01 -5.937569e+00  8.165884e-02  8.165884e-02 -1.518884e+00
 64  1.027285e+00  1.182008e+00  3.820998e+00  3.090260e-03  1.610516e-01 -1.000000e-01  3.090260e-04  1.610516e-02  2.415602e-03  3.989471e+01 -5.960568e+00  7.907277e-02  7.907277e-02 -1.533276e+00
 65  1.027033e+00  1.168368e+00  3.822730e+00  2.520732e-03  1.363972e-01 -1.000000e-01  2.520732e-04  1.363972e-02  1.732757e-03  4.025776e+01 -5.978505e+00  7.689724e-02  7.689724e-02 -1.544377e+00
 66  1.026827e+00  1.156830e+00  3.823971e+00  2.064641e-03  1.153836e-01 -1.000000e-01  2.064641e-04  1.153836e-02  1.240371e-03  4.056782e+01 -5.992554e+00  7.506765e-02  7.506765e-02 -1.552966e+00
 67  1.026657e+00  1.147078e+00  3.824857e+00  1.697350e-03  9.751992e-02 -1.000000e-01  1.697350e-04  9.751992e-03  8.865194e-04  4.083202e+01 -6.003612e+00  7.352919e-02  7.352919e-02 -1.559640e+00
 68  1.026517e+00  1.138841e+00  3.825490e+00  1.400015e-03  8.236426e-02 -1.000000e-01  1.400015e-04  8.236426e-03  6.328797e-04  4.105673e+01 -6.012361e+00  7.223554e-02  7.223554e-02 -1.564852e+00
 69  1.026401e+00  1.131889e+00  3.825942e+00  1.158140e-03  6.952586e-02 -1.000000e-01  1.158140e-04  6.952586e-03  4.514269e-04  4.124754e+01 -6.019323e+00  7.114769e-02  7.114769e-02 -1.568944e+00
 70  1.026305e+00  1.126022e+00  3.826263e+00  9.605074e-04  5.866330e-02 -1.000000e-01  9.605074e-05  5.866330e-03  3.218090e-04  4.140935e+01 -6.024893e+00  7.023279e-02  7.023279e-02 -1.572175e+00
 71  1.026225e+00  1.121074e+00  3.826493e+00  7.983789e-04  4.948095e-02 -1.000000e-01  7.983789e-05  4.948095e-03  2.293218e-04  4.154642e+01 -6.029373e+00  6.946325e-02  6.946325e-02 -1.574742e+00
 72  1.026159e+00  1.116902e+00  3.826656e+00  6.649011e-04  4.172450e-02 -1.000000e-01  6.649011e-05  4.172450e-03  1.633834e-04  4.166243e+01 -6.032995e+00  6.881588e-02  6.881588e-02 -1.576793e+00
 73  1.026103e+00  1.113384e+00  3.826773e+00  5.546637e-04  3.517624e-02 -1.000000e-01  5.546637e-05  3.517624e-03  1.164009e-04  4.176053e+01 -6.035938e+00  6.827121e-02  6.827121e-02 -1.578441e+00
 74  1.026057e+00  1.110419e+00  3.826855e+00  4.633673e-04  2.965044e-02 -1.000000e-01  4.633673e-05  2.965044e-03  8.293839e-05  4.184343e+01 -6.038340e+00  6.781290e-02  6.781290e-02 -1.579772e+00
 75  1.026018e+00  1.107920e+00  3.826915e+00  3.875743e-04  2.498912e-02 -1.000000e-01  3.875743e-05  2.498912e-03  5.911107e-05  4.191346e+01 -6.040307e+00  6.742720e-02  6.742720e-02 -1.580852e+00
 76  1.025986e+00  1.105815e+00  3.826957e+00  3.245196e-04  2.105816e-02 -1.000000e-01  3.245196e-05  2.105816e-03  4.214631e-05  4.197258e+01 -6.041925e+00  6.710258e-02  6.710258e-02 -1.581734e+00
 77  1.025959e+00  1.104040e+00  3.826987e+00  2.719668e-04  1.774388e-02 -1.000000e-01  2.719668e-05  1.774388e-03  3.006727e-05  4.202247e+01 -6.043260e+00  6.682933e-02  6.682933e-02 -1.582455e+00
 78  1.025936e+00  1.102545e+00  3.827008e+00  2.280982e-04  1.495007e-02 -1.000000e-01  2.280982e-05  1.495007e-03  2.146560e-05  4.206456e+01 -6.044364e+00  6.659932e-02  6.659932e-02 -1.583048e+00
 79  1.025917e+00  1.101286e+00  3.827024e+00  1.914297e-04  1.259533e-02 -1.000000e-01  1.914297e-05  1.259533e-03  1.533854e-05  4.210006e+01 -6.045281e+00  6.640567e-02  6.640567e-02 -1.583537e+00
 80  1.025901e+00  1.100225e+00  3.827035e+00  1.607442e-04  1.061093e-02 -1.000000e-01  1.607442e-05  1.061093e-03  1.097242e-05  4.213000e+01 -6.046042e+00  6.624264e-02  6.624264e-02 -1.583941e+00
 81  1.025887e+00  1.099331e+00  3.827042e+00  1.350404e-04  8.938771e-03 -1.000000e-01  1.350404e-05  8.938771e-04  7.859479e-06  4.215524e+01 -6.046676e+00  6.610538e-02  6.610538e-02 -1.584277e+00
 82  1.025876e+00  1.098578e+00  3.827048e+00  1.134915e-04  7.529854e-03 -1.000000e-01  1.134915e-05  7.529854e-04  5.638516e-06  4.217651e+01 -6.047205e+00  6.598980e-02  6.598980e-02 -1.584556e+00
 83  1.025866e+00  1.097943e+00  3.827052e+00  9.541305e-05  6.342817e-03 -1.000000e-01  9.541305e-06  6.342817e-04  4.052616e-06  4.219444e+01 -6.047647e+00  6.589248e-02  6.589248e-02 -1.584788e+00
 84  1.025858e+00  1.097409e+00  3.827055e+00  8.023702e-05  5.342774e-03 -1.000000e-01  8.023702e-06  5.342774e-04  2.919035e-06  4.220955e+01 -6.048017e+00  6.581053e-02  6.581053e-02 -1.584981e+00
 85  1.025851e+00  1.096959e+00  3.827057e+00  6.749090e-05  4.500308e-03 -1.000000e-01  6.749090e-06  4.500308e-04  2.107778e-06  4.222229e+01 -6.048327e+00  6.574152e-02  6.574152e-02 -1.585143e+00
 86  1.025846e+00  1.096580e+00  3.827059e+00  5.678101e-05  3.790619e-03 -1.000000e-01  5.678101e-06  3.790619e-04  1.526355e-06  4.223302e+01 -6.048586e+00  6.568341e-02  6.568341e-02 -1.585278e+00
 87  1.025841e+00  1.096261e+00  3.827060e+00  4.777874e-05  3.192799e-03 -1.000000e-01  4.777874e-06  3.192799e-04  1.108943e-06  4.224206e+01 -6.048804e+00  6.563447e-02  6.563447e-02 -1.585391e+00
 88  1.025837e+00  1.095992e+00  3.827061e+00  4.020949e-05  2.689228e-03 -1.000000e-01  4.020949e-06  2.689228e-04  8.086817e-07  4.224967e+01 -6.048986e+00  6.559326e-02  6.559326e-02 -1.585486e+00
 89  1.025834e+00  1.095765e+00  3.827061e+00  3.384347e-05  2.265057e-03 -1.000000e-01  3.384347e-06  2.265057e-04  5.921922e-07  4.225609e+01 -6.049140e+00  6.555855e-02  6.555855e-02 -1.585566e+00
 90  1.025831e+00  1.095575e+00  3.827062e+00  2.848823e-05  1.907774e-03 -1.000000e-01  2.848823e-06  1.907774e-04  4.356865e-07  4.226149e+01 -6.049268e+00  6.552932e-02  6.552932e-02 -1.585632e+00
 91  1.025828e+00  1.095414e+00  3.827062e+00  2.398245e-05  1.606836e-03 -1.000000e-01  2.398245e-06  1.606836e-04  3.221988e-07  4.226605e+01 -6.049377e+00  6.550470e-02  6.550470e-02 -1.585689e+00
 92  1.025826e+00  1.095278e+00  3.827062e+00  2.019077e-05  1.353361e-03 -1.000000e-01  2.019077e-06  1.353361e-04  2.396183e-07  4.226988e+01 -6.049468e+00  6.548397e-02  6.548397e-02 -1.585736e+00
 93  1.025825e+00  1.095165e+00  3.827062e+00  1.699961e-05  1.139865e-03 -1.000000e-01  1.699961e-06  1.139865e-04  1.792915e-07  4.227311e+01 -6.049544e+00  6.546651e-02  6.546651e-02 -1.585775e+00
 94  1.025823e+00  1.095069e+00  3.827062e+00  1.431355e-05  9.600442e-04 -1.000000e-01  1.431355e-06  9.600442e-05  1.350271e-07  4.227583e+01 -6.049609e+00  6.545181e-02  6.545181e-02 -1.585808e+00
 95  1.025822e+00  1.094988e+00  3.827063e+00  1.205242e-05  8.085884e-04 -1.000000e-01  1.205242e-06  8.085884e-05  1.023893e-07  4.227812e+01 -6.049663e+00  6.543942e-02  6.543942e-02 -1.585836e+00
 96  1.025821e+00  1.094920e+00  3.827063e+00  1.014886e-05  6.810241e-04 -1.000000e-01  1.014886e-06  6.810241e-05  7.819471e-08  4.228005e+01 -6.049708e+00  6.542899e-02  6.542899e-02 -1.585860e+00
 97  1.025820e+00  1.094862e+00  3.827063e+00  8.546216e-06  5.735831e-04 -1.000000e-01  8.546216e-07  5.735831e-05  6.015400e-08  4.228168e+01 -6.049747e+00  6.542021e-02  6.542021e-02 -1.585880e+00
 98  1.025819e+00  1.094814e+00  3.827063e+00  7.196835e-06  4.830913e-04 -1.000000e-01  7.196835e-07  4.830913e-05  4.661724e-08  4.228305e+01 -6.049779e+00  6.541281e-02  6.541281e-02 -1.585896e+00
 99  1.025819e+00  1.094773e+00  3.827063e+00  6.060643e-06  4.068753e-04 -1.000000e-01  6.060643e-07  4.068753e-05  3.639211e-08  4.228420e+01 -6.049806e+00  6.540658e-02  6.540658e-02 -1.585910e+00
100  1.025818e+00  1.094739e+00  3.827063e+00  5.103921e-06  3.426832e-04 -1.000000e-01  5.103921e-07  3.426832e-05  2.861440e-08  4.228517e+01 -6.049829e+00  6.540133e-02  6.540133e-02 -1.585922e+00

