  k             x             y       f(x, y)            Sx            Sy        lambda |xk - x(k-1)| |yk - y(k-1)| |fk - f(k-1)|         angle
  1  1.983370e+00  4.966662e+00  1.014001e+00  1.662967e-01  3.333796e-01 -1.000000e-01  1.662967e-02  3.333796e-02  1.400056e-02  4.742336e+00
  2  1.949364e+00  4.898250e+00  1.043450e+00  3.400601e-01  6.841183e-01 -1.000000e-01  3.400601e-02  6.841183e-02  2.944952e-02  4.729812e+00
  3  1.923226e+00  4.845018e+00  1.067013e+00  2.613792e-01  5.323257e-01 -1.000000e-01  2.613792e-02  5.323257e-02  2.356277e-02  4.501101e+00
  4  1.893712e+00  4.784249e+00  1.094625e+00  2.951483e-01  6.076904e-01 -1.000000e-01  2.951483e-02  6.076904e-02  2.761262e-02  4.310560e+00
  5  1.864782e+00  4.723886e+00  1.122816e+00  2.892978e-01  6.036249e-01 -1.000000e-01  2.892978e-02  6.036249e-02  2.819075e-02  4.064970e+00
  6  1.834864e+00  4.660599e+00  1.153209e+00  2.991731e-01  6.328745e-01 -1.000000e-01  2.991731e-02  6.328745e-02  3.039302e-02  3.811668e+00
  7  1.804539e+00  4.595486e+00  1.185391e+00  3.032526e-01  6.511272e-01 -1.000000e-01  3.032526e-02  6.511272e-02  3.218223e-02  3.534271e+00
  8  1.773566e+00  4.527925e+00  1.219785e+00  3.097297e-01  6.756137e-01 -1.000000e-01  3.097297e-02  6.756137e-02  3.439389e-02  3.238670e+00
  9  1.742022e+00  4.457945e+00  1.256511e+00  3.154472e-01  6.998005e-01 -1.000000e-01  3.154472e-02  6.998005e-02  3.672530e-02  2.920335e+00
 10  1.709863e+00  4.385303e+00  1.295844e+00  3.215856e-01  7.264157e-01 -1.000000e-01  3.215856e-02  7.264157e-02  3.933381e-02  2.577872e+00
 11  1.677098e+00  4.309842e+00  1.338043e+00  3.276528e-01  7.546128e-01 -1.000000e-01  3.276528e-02  7.546128e-02  4.219808e-02  2.207874e+00
 12  1.643720e+00  4.231346e+00  1.383417e+00  3.337807e-01  7.849575e-01 -1.000000e-01  3.337807e-02  7.849575e-02  4.537448e-02  1.806948e+00
 13  1.609735e+00  4.149597e+00  1.432312e+00  3.398425e-01  8.174899e-01 -1.000000e-01  3.398425e-02  8.174899e-02  4.889510e-02  1.370819e+00
 14  1.575157e+00  4.064349e+00  1.485122e+00  3.457847e-01  8.524789e-01 -1.000000e-01  3.457847e-02  8.524789e-02  5.280957e-02  8.945194e-01
 15  1.540008e+00  3.975336e+00  1.542291e+00  3.514926e-01  8.901286e-01 -1.000000e-01  3.514926e-02  8.901286e-02  5.716911e-02  3.721005e-01
 16  1.504324e+00  3.882267e+00  1.604324e+00  3.568321e-01  9.306897e-01 -1.000000e-01  3.568321e-02  9.306897e-02  6.203351e-02  2.035252e-01
 17  1.468162e+00  3.784826e+00  1.671793e+00  3.616211e-01  9.744104e-01 -1.000000e-01  3.616211e-02  9.744104e-02  6.746850e-02  8.408541e-01
 18  1.431600e+00  3.682672e+00  1.745339e+00  3.656244e-01  1.021544e+00 -1.000000e-01  3.656244e-02  1.021544e-01  7.354602e-02  1.550086e+00
 19  1.394746e+00  3.575440e+00  1.825680e+00  3.685357e-01  1.072322e+00 -1.000000e-01  3.685357e-02  1.072322e-01  8.034142e-02  2.343483e+00
 20  1.357750e+00  3.462746e+00  1.913609e+00  3.699602e-01  1.126931e+00 -1.000000e-01  3.699602e-02  1.126931e-01  8.792868e-02  3.235761e+00
 21  1.320811e+00  3.344201e+00  2.009979e+00  3.693926e-01  1.185450e+00 -1.000000e-01  3.693926e-02  1.185450e-01  9.637042e-02  4.244509e+00
 22  1.284191e+00  3.219424e+00  2.115679e+00  3.661963e-01  1.247770e+00 -1.000000e-01  3.661963e-02  1.247770e-01  1.056998e-01  5.390550e+00
 23  1.248233e+00  3.088080e+00  2.231567e+00  3.595865e-01  1.313442e+00 -1.000000e-01  3.595865e-02  1.313442e-01  1.158882e-01  6.698120e+00
 24  1.213370e+00  2.949935e+00  2.358358e+00  3.486314e-01  1.381450e+00 -1.000000e-01  3.486314e-02  1.381450e-01  1.267908e-01  8.194612e+00
 25  1.180140e+00  2.804950e+00  2.496417e+00  3.322943e-01  1.449854e+00 -1.000000e-01  3.322943e-02  1.449854e-01  1.380587e-01  9.909420e+00
 26  1.149185e+00  2.653422e+00  2.645427e+00  3.095559e-01  1.515279e+00 -1.000000e-01  3.095559e-02  1.515279e-01  1.490102e-01  1.187115e+01
 27  1.121217e+00  2.496193e+00  2.803899e+00  2.796754e-01  1.572285e+00 -1.000000e-01  2.796754e-02  1.572285e-01  1.584717e-01  1.410204e+01
 28  1.096953e+00  2.334916e+00  2.968555e+00  2.426417e-01  1.612772e+00 -1.000000e-01  2.426417e-02  1.612772e-01  1.646562e-01  1.660834e+01
 29  1.076974e+00  2.172320e+00  3.133809e+00  1.997877e-01  1.625962e+00 -1.000000e-01  1.997877e-02  1.625962e-01  1.652537e-01  1.936588e+01
 30  1.061543e+00  2.012334e+00  3.291819e+00  1.543068e-01  1.599860e+00 -1.000000e-01  1.543068e-02  1.599860e-01  1.580102e-01  2.230333e+01
 31  1.050436e+00  1.859828e+00  3.433730e+00  1.110700e-01  1.525058e+00 -1.000000e-01  1.110700e-02  1.525058e-01  1.419111e-01  2.529239e+01
 32  1.042922e+00  1.719809e+00  3.552139e+00  7.514044e-02  1.400194e+00 -1.000000e-01  7.514044e-03  1.400194e-01  1.184091e-01  2.816157e+01
 33  1.037982e+00  1.596262e+00  3.643580e+00  4.940843e-02  1.235466e+00 -1.000000e-01  4.940843e-03  1.235466e-01  9.144111e-02  3.074410e+01
 34  1.034657e+00  1.491246e+00  3.709262e+00  3.324768e-02  1.050165e+00 -1.000000e-01  3.324768e-03  1.050165e-01  6.568149e-02  3.294036e+01
 35  1.032295e+00  1.404737e+00  3.753658e+00  2.361960e-02  8.650881e-01 -1.000000e-01  2.361960e-03  8.650881e-02  4.439661e-02  3.474698e+01
 36  1.030552e+00  1.335167e+00  3.782301e+00  1.742651e-02  6.956964e-01 -1.000000e-01  1.742651e-03  6.956964e-02  2.864257e-02  3.622794e+01
 37  1.029265e+00  1.280176e+00  3.800172e+00  1.287623e-02  5.499099e-01 -1.000000e-01  1.287623e-03  5.499099e-02  1.787080e-02  3.745801e+01
 38  1.028330e+00  1.237220e+00  3.811069e+00  9.342172e-03  4.295599e-01 -1.000000e-01  9.342172e-04  4.295599e-02  1.089692e-02  3.848618e+01
 39  1.027663e+00  1.203930e+00  3.817612e+00  6.677634e-03  3.328991e-01 -1.000000e-01  6.677634e-04  3.328991e-02  6.543420e-03  3.933459e+01
 40  1.027185e+00  1.178267e+00  3.821502e+00  4.772213e-03  2.566354e-01 -1.000000e-01  4.772213e-04  2.566354e-02  3.889808e-03  4.001584e+01
 41  1.026840e+00  1.158551e+00  3.823799e+00  3.453980e-03  1.971536e-01 -1.000000e-01  3.453980e-04  1.971536e-02  2.297215e-03  4.054733e+01
 42  1.026586e+00  1.143441e+00  3.825150e+00  2.541361e-03  1.511058e-01 -1.000000e-01  2.541361e-04  1.511058e-02  1.350960e-03  4.095409e+01
 43  1.026396e+00  1.131878e+00  3.825942e+00  1.893460e-03  1.156314e-01 -1.000000e-01  1.893460e-04  1.156314e-02  7.923837e-04  4.126388e+01
 44  1.026254e+00  1.123039e+00  3.826406e+00  1.420025e-03  8.839021e-02 -1.000000e-01  1.420025e-04  8.839021e-03  4.640421e-04  4.150127e+01
 45  1.026148e+00  1.116287e+00  3.826678e+00  1.067787e-03  6.751649e-02 -1.000000e-01  1.067787e-04  6.751649e-03  2.715557e-04  4.168473e+01
 46  1.026067e+00  1.111133e+00  3.826837e+00  8.041089e-04  5.154523e-02 -1.000000e-01  8.041089e-05  5.154523e-03  1.588990e-04  4.182696e+01
 47  1.026007e+00  1.107199e+00  3.826930e+00  6.066384e-04  3.933735e-02 -1.000000e-01  6.066384e-05  3.933735e-03  9.302382e-05  4.193680e+01
 48  1.025961e+00  1.104198e+00  3.826984e+00  4.586991e-04  3.001267e-02 -1.000000e-01  4.586991e-05  3.001267e-03  5.451601e-05  4.202096e+01
 49  1.025926e+00  1.101908e+00  3.827016e+00  3.476073e-04  2.289384e-02 -1.000000e-01  3.476073e-05  2.289384e-03  3.200184e-05  4.208503e+01
 50  1.025900e+00  1.100162e+00  3.827035e+00  2.638782e-04  1.746103e-02 -1.000000e-01  2.638782e-05  1.746103e-03  1.882987e-05  4.213368e+01
 51  1.025880e+00  1.098830e+00  3.827046e+00  2.005479e-04  1.331601e-02 -1.000000e-01  2.005479e-05  1.331601e-03  1.111462e-05  4.217070e+01
 52  1.025864e+00  1.097815e+00  3.827053e+00  1.525254e-04  1.015416e-02 -1.000000e-01  1.525254e-05  1.015416e-03  6.587797e-06  4.219897e+01
 53  1.025853e+00  1.097041e+00  3.827057e+00  1.160580e-04  7.742615e-03 -1.000000e-01  1.160580e-05  7.742615e-04  3.925446e-06  4.222062e+01

  k             x             y       f(x, y)            Sx            Sy        lambda |xk - x(k-1)| |yk - y(k-1)| |fk - f(k-1)|         angle
  1  1.983370e+00  4.966662e+00  1.014001e+00  1.662967e-01  3.333796e-01 -1.000000e-01  1.662967e-02  3.333796e-02  1.400056e-02  4.742336e+00
  2  1.949364e+00  4.898250e+00  1.043450e+00  3.400601e-01  6.841183e-01 -1.000000e-01  3.400601e-02  6.841183e-02  2.944952e-02  4.729812e+00
  3  1.923226e+00  4.845018e+00  1.067013e+00  2.613792e-01  5.323257e-01 -1.000000e-01  2.613792e-02  5.323257e-02  2.356277e-02  4.501101e+00
  4  1.893712e+00  4.784249e+00  1.094625e+00  2.951483e-01  6.076904e-01 -1.000000e-01  2.951483e-02  6.076904e-02  2.761262e-02  4.310560e+00
  5  1.864782e+00  4.723886e+00  1.122816e+00  2.892978e-01  6.036249e-01 -1.000000e-01  2.892978e-02  6.036249e-02  2.819075e-02  4.064970e+00
  6  1.834864e+00  4.660599e+00  1.153209e+00  2.991731e-01  6.328745e-01 -1.000000e-01  2.991731e-02  6.328745e-02  3.039302e-02  3.811668e+00
  7  1.804539e+00  4.595486e+00  1.185391e+00  3.032526e-01  6.511272e-01 -1.000000e-01  3.032526e-02  6.511272e-02  3.218223e-02  3.534271e+00
  8  1.773566e+00  4.527925e+00  1.219785e+00  3.097297e-01  6.756137e-01 -1.000000e-01  3.097297e-02  6.756137e-02  3.439389e-02  3.238670e+00
  9  1.742022e+00  4.457945e+00  1.256511e+00  3.154472e-01  6.998005e-01 -1.000000e-01  3.154472e-02  6.998005e-02  3.672530e-02  2.920335e+00
 10  1.709863e+00  4.385303e+00  1.295844e+00  3.215856e-01  7.264157e-01 -1.000000e-01  3.215856e-02  7.264157e-02  3.933381e-02  2.577872e+00
 11  1.677098e+00  4.309842e+00  1.338043e+00  3.276528e-01  7.546128e-01 -1.000000e-01  3.276528e-02  7.546128e-02  4.219808e-02  2.207874e+00
 12  1.643720e+00  4.231346e+00  1.383417e+00  3.337807e-01  7.849575e-01 -1.000000e-01  3.337807e-02  7.849575e-02  4.537448e-02  1.806948e+00
 13  1.609735e+00  4.149597e+00  1.432312e+00  3.398425e-01  8.174899e-01 -1.000000e-01  3.398425e-02  8.174899e-02  4.889510e-02  1.370819e+00
 14  1.575157e+00  4.064349e+00  1.485122e+00  3.457847e-01  8.524789e-01 -1.000000e-01  3.457847e-02  8.524789e-02  5.280957e-02  8.945194e-01
 15  1.540008e+00  3.975336e+00  1.542291e+00  3.514926e-01  8.901286e-01 -1.000000e-01  3.514926e-02  8.901286e-02  5.716911e-02  3.721005e-01
 16  1.504324e+00  3.882267e+00  1.604324e+00  3.568321e-01  9.306897e-01 -1.000000e-01  3.568321e-02  9.306897e-02  6.203351e-02  2.035252e-01
 17  1.468162e+00  3.784826e+00  1.671793e+00  3.616211e-01  9.744104e-01 -1.000000e-01  3.616211e-02  9.744104e-02  6.746850e-02  8.408541e-01
 18  1.431600e+00  3.682672e+00  1.745339e+00  3.656244e-01  1.021544e+00 -1.000000e-01  3.656244e-02  1.021544e-01  7.354602e-02  1.550086e+00
 19  1.394746e+00  3.575440e+00  1.825680e+00  3.685357e-01  1.072322e+00 -1.000000e-01  3.685357e-02  1.072322e-01  8.034142e-02  2.343483e+00
 20  1.357750e+00  3.462746e+00  1.913609e+00  3.699602e-01  1.126931e+00 -1.000000e-01  3.699602e-02  1.126931e-01  8.792868e-02  3.235761e+00
 21  1.320811e+00  3.344201e+00  2.009979e+00  3.693926e-01  1.185450e+00 -1.000000e-01  3.693926e-02  1.185450e-01  9.637042e-02  4.244509e+00
 22  1.284191e+00  3.219424e+00  2.115679e+00  3.661963e-01  1.247770e+00 -1.000000e-01  3.661963e-02  1.247770e-01  1.056998e-01  5.390550e+00
 23  1.248233e+00  3.088080e+00  2.231567e+00  3.595865e-01  1.313442e+00 -1.000000e-01  3.595865e-02  1.313442e-01  1.158882e-01  6.698120e+00
 24  1.213370e+00  2.949935e+00  2.358358e+00  3.486314e-01  1.381450e+00 -1.000000e-01  3.486314e-02  1.381450e-01  1.267908e-01  8.194612e+00
 25  1.180140e+00  2.804950e+00  2.496417e+00  3.322943e-01  1.449854e+00 -1.000000e-01  3.322943e-02  1.449854e-01  1.380587e-01  9.909420e+00
 26  1.149185e+00  2.653422e+00  2.645427e+00  3.095559e-01  1.515279e+00 -1.000000e-01  3.095559e-02  1.515279e-01  1.490102e-01  1.187115e+01
 27  1.121217e+00  2.496193e+00  2.803899e+00  2.796754e-01  1.572285e+00 -1.000000e-01  2.796754e-02  1.572285e-01  1.584717e-01  1.410204e+01
 28  1.096953e+00  2.334916e+00  2.968555e+00  2.426417e-01  1.612772e+00 -1.000000e-01  2.426417e-02  1.612772e-01  1.646562e-01  1.660834e+01
 29  1.076974e+00  2.172320e+00  3.133809e+00  1.997877e-01  1.625962e+00 -1.000000e-01  1.997877e-02  1.625962e-01  1.652537e-01  1.936588e+01
 30  1.061543e+00  2.012334e+00  3.291819e+00  1.543068e-01  1.599860e+00 -1.000000e-01  1.543068e-02  1.599860e-01  1.580102e-01  2.230333e+01
 31  1.050436e+00  1.859828e+00  3.433730e+00  1.110700e-01  1.525058e+00 -1.000000e-01  1.110700e-02  1.525058e-01  1.419111e-01  2.529239e+01
 32  1.042922e+00  1.719809e+00  3.552139e+00  7.514044e-02  1.400194e+00 -1.000000e-01  7.514044e-03  1.400194e-01  1.184091e-01  2.816157e+01
 33  1.037982e+00  1.596262e+00  3.643580e+00  4.940843e-02  1.235466e+00 -1.000000e-01  4.940843e-03  1.235466e-01  9.144111e-02  3.074410e+01
 34  1.034657e+00  1.491246e+00  3.709262e+00  3.324768e-02  1.050165e+00 -1.000000e-01  3.324768e-03  1.050165e-01  6.568149e-02  3.294036e+01
 35  1.032295e+00  1.404737e+00  3.753658e+00  2.361960e-02  8.650881e-01 -1.000000e-01  2.361960e-03  8.650881e-02  4.439661e-02  3.474698e+01
 36  1.030552e+00  1.335167e+00  3.782301e+00  1.742651e-02  6.956964e-01 -1.000000e-01  1.742651e-03  6.956964e-02  2.864257e-02  3.622794e+01
 37  1.029265e+00  1.280176e+00  3.800172e+00  1.287623e-02  5.499099e-01 -1.000000e-01  1.287623e-03  5.499099e-02  1.787080e-02  3.745801e+01
 38  1.028330e+00  1.237220e+00  3.811069e+00  9.342172e-03  4.295599e-01 -1.000000e-01  9.342172e-04  4.295599e-02  1.089692e-02  3.848618e+01
 39  1.027663e+00  1.203930e+00  3.817612e+00  6.677634e-03  3.328991e-01 -1.000000e-01  6.677634e-04  3.328991e-02  6.543420e-03  3.933459e+01
 40  1.027185e+00  1.178267e+00  3.821502e+00  4.772213e-03  2.566354e-01 -1.000000e-01  4.772213e-04  2.566354e-02  3.889808e-03  4.001584e+01
 41  1.026840e+00  1.158551e+00  3.823799e+00  3.453980e-03  1.971536e-01 -1.000000e-01  3.453980e-04  1.971536e-02  2.297215e-03  4.054733e+01
 42  1.026586e+00  1.143441e+00  3.825150e+00  2.541361e-03  1.511058e-01 -1.000000e-01  2.541361e-04  1.511058e-02  1.350960e-03  4.095409e+01
 43  1.026396e+00  1.131878e+00  3.825942e+00  1.893460e-03  1.156314e-01 -1.000000e-01  1.893460e-04  1.156314e-02  7.923837e-04  4.126388e+01
 44  1.026254e+00  1.123039e+00  3.826406e+00  1.420025e-03  8.839021e-02 -1.000000e-01  1.420025e-04  8.839021e-03  4.640421e-04  4.150127e+01
 45  1.026148e+00  1.116287e+00  3.826678e+00  1.067787e-03  6.751649e-02 -1.000000e-01  1.067787e-04  6.751649e-03  2.715557e-04  4.168473e+01
 46  1.026067e+00  1.111133e+00  3.826837e+00  8.041089e-04  5.154523e-02 -1.000000e-01  8.041089e-05  5.154523e-03  1.588990e-04  4.182696e+01
 47  1.026007e+00  1.107199e+00  3.826930e+00  6.066384e-04  3.933735e-02 -1.000000e-01  6.066384e-05  3.933735e-03  9.302382e-05  4.193680e+01
 48  1.025961e+00  1.104198e+00  3.826984e+00  4.586991e-04  3.001267e-02 -1.000000e-01  4.586991e-05  3.001267e-03  5.451601e-05  4.202096e+01
 49  1.025926e+00  1.101908e+00  3.827016e+00  3.476073e-04  2.289384e-02 -1.000000e-01  3.476073e-05  2.289384e-03  3.200184e-05  4.208503e+01
 50  1.025900e+00  1.100162e+00  3.827035e+00  2.638782e-04  1.746103e-02 -1.000000e-01  2.638782e-05  1.746103e-03  1.882987e-05  4.213368e+01
 51  1.025880e+00  1.098830e+00  3.827046e+00  2.005479e-04  1.331601e-02 -1.000000e-01  2.005479e-05  1.331601e-03  1.111462e-05  4.217070e+01
 52  1.025864e+00  1.097815e+00  3.827053e+00  1.525254e-04  1.015416e-02 -1.000000e-01  1.525254e-05  1.015416e-03  6.587797e-06  4.219897e+01
 53  1.025853e+00  1.097041e+00  3.827057e+00  1.160580e-04  7.742615e-03 -1.000000e-01  1.160580e-05  7.742615e-04  3.925446e-06  4.222062e+01
 54  1.025844e+00  1.096450e+00  3.827059e+00  8.834365e-05  5.903529e-03 -1.000000e-01  8.834365e-06  5.903529e-04  2.354712e-06  4.223719e+01
 55  1.025837e+00  1.096000e+00  3.827061e+00  6.727034e-05  4.501124e-03 -1.000000e-01  6.727034e-06  4.501124e-04  1.424213e-06  4.224985e+01
 56  1.025832e+00  1.095657e+00  3.827061e+00  5.123876e-05  3.431777e-03 -1.000000e-01  5.123876e-06  3.431777e-04  8.701014e-07  4.225949e+01
 57  1.025828e+00  1.095395e+00  3.827062e+00  3.903674e-05  2.616427e-03 -1.000000e-01  3.903674e-06  2.616427e-04  5.379530e-07  4.226683e+01
 58  1.025825e+00  1.095196e+00  3.827062e+00  2.974552e-05  1.994765e-03 -1.000000e-01  2.974552e-06  1.994765e-04  3.372291e-07  4.227241e+01
 59  1.025823e+00  1.095044e+00  3.827063e+00  2.266842e-05  1.520793e-03 -1.000000e-01  2.266842e-06  1.520793e-04  2.147225e-07  4.227667e+01
 60  1.025821e+00  1.094928e+00  3.827063e+00  1.727659e-05  1.159430e-03 -1.000000e-01  1.727659e-06  1.159430e-04  1.390689e-07  4.227992e+01
 61  1.025820e+00  1.094840e+00  3.827063e+00  1.316809e-05  8.839265e-04 -1.000000e-01  1.316809e-06  8.839265e-05  9.170613e-08  4.228240e+01

  k             x             y       f(x, y)            Sx            Sy        lambda |xk - x(k-1)| |yk - y(k-1)| |fk - f(k-1)|         angle
  1  1.983370e+00  4.966662e+00  1.014001e+00  1.662967e-01  3.333796e-01 -1.000000e-01  1.662967e-02  3.333796e-02  1.400056e-02  4.742336e+00
  2  1.949364e+00  4.898250e+00  1.043450e+00  3.400601e-01  6.841183e-01 -1.000000e-01  3.400601e-02  6.841183e-02  2.944952e-02  4.729812e+00
  3  1.923226e+00  4.845018e+00  1.067013e+00  2.613792e-01  5.323257e-01 -1.000000e-01  2.613792e-02  5.323257e-02  2.356277e-02  4.501101e+00
  4  1.893712e+00  4.784249e+00  1.094625e+00  2.951483e-01  6.076904e-01 -1.000000e-01  2.951483e-02  6.076904e-02  2.761262e-02  4.310560e+00
  5  1.864782e+00  4.723886e+00  1.122816e+00  2.892978e-01  6.036249e-01 -1.000000e-01  2.892978e-02  6.036249e-02  2.819075e-02  4.064970e+00
  6  1.834864e+00  4.660599e+00  1.153209e+00  2.991731e-01  6.328745e-01 -1.000000e-01  2.991731e-02  6.328745e-02  3.039302e-02  3.811668e+00
  7  1.804539e+00  4.595486e+00  1.185391e+00  3.032526e-01  6.511272e-01 -1.000000e-01  3.032526e-02  6.511272e-02  3.218223e-02  3.534271e+00
  8  1.773566e+00  4.527925e+00  1.219785e+00  3.097297e-01  6.756137e-01 -1.000000e-01  3.097297e-02  6.756137e-02  3.439389e-02  3.238670e+00
  9  1.742022e+00  4.457945e+00  1.256511e+00  3.154472e-01  6.998005e-01 -1.000000e-01  3.154472e-02  6.998005e-02  3.672530e-02  2.920335e+00
 10  1.709863e+00  4.385303e+00  1.295844e+00  3.215856e-01  7.264157e-01 -1.000000e-01  3.215856e-02  7.264157e-02  3.933381e-02  2.577872e+00
 11  1.677098e+00  4.309842e+00  1.338043e+00  3.276528e-01  7.546128e-01 -1.000000e-01  3.276528e-02  7.546128e-02  4.219808e-02  2.207874e+00
 12  1.643720e+00  4.231346e+00  1.383417e+00  3.337807e-01  7.849575e-01 -1.000000e-01  3.337807e-02  7.849575e-02  4.537448e-02  1.806948e+00
 13  1.609735e+00  4.149597e+00  1.432312e+00  3.398425e-01  8.174899e-01 -1.000000e-01  3.398425e-02  8.174899e-02  4.889510e-02  1.370819e+00
 14  1.575157e+00  4.064349e+00  1.485122e+00  3.457847e-01  8.524789e-01 -1.000000e-01  3.457847e-02  8.524789e-02  5.280957e-02  8.945194e-01
 15  1.540008e+00  3.975336e+00  1.542291e+00  3.514926e-01  8.901286e-01 -1.000000e-01  3.514926e-02  8.901286e-02  5.716911e-02  3.721005e-01
 16  1.504324e+00  3.882267e+00  1.604324e+00  3.568321e-01  9.306897e-01 -1.000000e-01  3.568321e-02  9.306897e-02  6.203351e-02  2.035252e-01
 17  1.468162e+00  3.784826e+00  1.671793e+00  3.616211e-01  9.744104e-01 -1.000000e-01  3.616211e-02  9.744104e-02  6.746850e-02  8.408541e-01
 18  1.431600e+00  3.682672e+00  1.745339e+00  3.656244e-01  1.021544e+00 -1.000000e-01  3.656244e-02  1.021544e-01  7.354602e-02  1.550086e+00
 19  1.394746e+00  3.575440e+00  1.825680e+00  3.685357e-01  1.072322e+00 -1.000000e-01  3.685357e-02  1.072322e-01  8.034142e-02  2.343483e+00
 20  1.357750e+00  3.462746e+00  1.913609e+00  3.699602e-01  1.126931e+00 -1.000000e-01  3.699602e-02  1.126931e-01  8.792868e-02  3.235761e+00
 21  1.320811e+00  3.344201e+00  2.009979e+00  3.693926e-01  1.185450e+00 -1.000000e-01  3.693926e-02  1.185450e-01  9.637042e-02  4.244509e+00
 22  1.284191e+00  3.219424e+00  2.115679e+00  3.661963e-01  1.247770e+00 -1.000000e-01  3.661963e-02  1.247770e-01  1.056998e-01  5.390550e+00
 23  1.248233e+00  3.088080e+00  2.231567e+00  3.595865e-01  1.313442e+00 -1.000000e-01  3.595865e-02  1.313442e-01  1.158882e-01  6.698120e+00
 24  1.213370e+00  2.949935e+00  2.358358e+00  3.486314e-01  1.381450e+00 -1.000000e-01  3.486314e-02  1.381450e-01  1.267908e-01  8.194612e+00
 25  1.180140e+00  2.804950e+00  2.496417e+00  3.322943e-01  1.449854e+00 -1.000000e-01  3.322943e-02  1.449854e-01  1.380587e-01  9.909420e+00
 26  1.149185e+00  2.653422e+00  2.645427e+00  3.095559e-01  1.515279e+00 -1.000000e-01  3.095559e-02  1.515279e-01  1.490102e-01  1.187115e+01
 27  1.121217e+00  2.496193e+00  2.803899e+00  2.796754e-01  1.572285e+00 -1.000000e-01  2.796754e-02  1.572285e-01  1.584717e-01  1.410204e+01
 28  1.096953e+00  2.334916e+00  2.968555e+00  2.426417e-01  1.612772e+00 -1.000000e-01  2.426417e-02  1.612772e-01  1.646562e-01  1.660834e+01
 29  1.076974e+00  2.172320e+00  3.133809e+00  1.997877e-01  1.625962e+00 -1.000000e-01  1.997877e-02  1.625962e-01  1.652537e-01  1.936588e+01
 30  1.061543e+00  2.012334e+00  3.291819e+00  1.543068e-01  1.599860e+00 -1.000000e-01  1.543068e-02  1.599860e-01  1.580102e-01  2.230333e+01
 31  1.050436e+00  1.859828e+00  3.433730e+00  1.110700e-01  1.525058e+00 -1.000000e-01  1.110700e-02  1.525058e-01  1.419111e-01  2.529239e+01
 32  1.042922e+00  1.719809e+00  3.552139e+00  7.514044e-02  1.400194e+00 -1.000000e-01  7.514044e-03  1.400194e-01  1.184091e-01  2.816157e+01
 33  1.037982e+00  1.596262e+00  3.643580e+00  4.940843e-02  1.235466e+00 -1.000000e-01  4.940843e-03  1.235466e-01  9.144111e-02  3.074410e+01
 34  1.034657e+00  1.491246e+00  3.709262e+00  3.324768e-02  1.050165e+00 -1.000000e-01  3.324768e-03  1.050165e-01  6.568149e-02  3.294036e+01
 35  1.032295e+00  1.404737e+00  3.753658e+00  2.361960e-02  8.650881e-01 -1.000000e-01  2.361960e-03  8.650881e-02  4.439661e-02  3.474698e+01
 36  1.030552e+00  1.335167e+00  3.782301e+00  1.742651e-02  6.956964e-01 -1.000000e-01  1.742651e-03  6.956964e-02  2.864257e-02  3.622794e+01
 37  1.029265e+00  1.280176e+00  3.800172e+00  1.287623e-02  5.499099e-01 -1.000000e-01  1.287623e-03  5.499099e-02  1.787080e-02  3.745801e+01
 38  1.028330e+00  1.237220e+00  3.811069e+00  9.342172e-03  4.295599e-01 -1.000000e-01  9.342172e-04  4.295599e-02  1.089692e-02  3.848618e+01
 39  1.027663e+00  1.203930e+00  3.817612e+00  6.677634e-03  3.328991e-01 -1.000000e-01  6.677634e-04  3.328991e-02  6.543420e-03  3.933459e+01
 40  1.027185e+00  1.178267e+00  3.821502e+00  4.772213e-03  2.566354e-01 -1.000000e-01  4.772213e-04  2.566354e-02  3.889808e-03  4.001584e+01
 41  1.026840e+00  1.158551e+00  3.823799e+00  3.453980e-03  1.971536e-01 -1.000000e-01  3.453980e-04  1.971536e-02  2.297215e-03  4.054733e+01
 42  1.026586e+00  1.143441e+00  3.825150e+00  2.541361e-03  1.511058e-01 -1.000000e-01  2.541361e-04  1.511058e-02  1.350960e-03  4.095409e+01
 43  1.026396e+00  1.131878e+00  3.825942e+00  1.893460e-03  1.156314e-01 -1.000000e-01  1.893460e-04  1.156314e-02  7.923837e-04  4.126388e+01
 44  1.026254e+00  1.123039e+00  3.826406e+00  1.420025e-03  8.839021e-02 -1.000000e-01  1.420025e-04  8.839021e-03  4.640421e-04  4.150127e+01
 45  1.026148e+00  1.116287e+00  3.826678e+00  1.067787e-03  6.751649e-02 -1.000000e-01  1.067787e-04  6.751649e-03  2.715557e-04  4.168473e+01
 46  1.026067e+00  1.111133e+00  3.826837e+00  8.041089e-04  5.154523e-02 -1.000000e-01  8.041089e-05  5.154523e-03  1.588990e-04  4.182696e+01
 47  1.026007e+00  1.107199e+00  3.826930e+00  6.066384e-04  3.933735e-02 -1.000000e-01  6.066384e-05  3.933735e-03  9.302382e-05  4.193680e+01
 48  1.025961e+00  1.104198e+00  3.826984e+00  4.586991e-04  3.001267e-02 -1.000000e-01  4.586991e-05  3.001267e-03  5.451601e-05  4.202096e+01
 49  1.025926e+00  1.101908e+00  3.827016e+00  3.476073e-04  2.289384e-02 -1.000000e-01  3.476073e-05  2.289384e-03  3.200184e-05  4.208503e+01
 50  1.025900e+00  1.100162e+00  3.827035e+00  2.638782e-04  1.746103e-02 -1.000000e-01  2.638782e-05  1.746103e-03  1.882987e-05  4.213368e+01
 51  1.025880e+00  1.098830e+00  3.827046e+00  2.005479e-04  1.331601e-02 -1.000000e-01  2.005479e-05  1.331601e-03  1.111462e-05  4.217070e+01
 52  1.025864e+00  1.097815e+00  3.827053e+00  1.525254e-04  1.015416e-02 -1.000000e-01  1.525254e-05  1.015416e-03  6.587797e-06  4.219897e+01
 53  1.025853e+00  1.097041e+00  3.827057e+00  1.160580e-04  7.742615e-03 -1.000000e-01  1.160580e-05  7.742615e-04  3.925446e-06  4.222062e+01
 54  1.025844e+00  1.096450e+00  3.827059e+00  8.834365e-05  5.903529e-03 -1.000000e-01  8.834365e-06  5.903529e-04  2.354712e-06  4.223719e+01
 55  1.025837e+00  1.096000e+00  3.827061e+00  6.727034e-05  4.501124e-03 -1.000000e-01  6.727034e-06  4.501124e-04  1.424213e-06  4.224985e+01
 56  1.025832e+00  1.095657e+00  3.827061e+00  5.123876e-05  3.431777e-03 -1.000000e-01  5.123876e-06  3.431777e-04  8.701014e-07  4.225949e+01
 57  1.025828e+00  1.095395e+00  3.827062e+00  3.903674e-05  2.616427e-03 -1.000000e-01  3.903674e-06  2.616427e-04  5.379530e-07  4.226683e+01
 58  1.025825e+00  1.095196e+00  3.827062e+00  2.974552e-05  1.994765e-03 -1.000000e-01  2.974552e-06  1.994765e-04  3.372291e-07  4.227241e+01
 59  1.025823e+00  1.095044e+00  3.827063e+00  2.266842e-05  1.520793e-03 -1.000000e-01  2.266842e-06  1.520793e-04  2.147225e-07  4.227667e+01
 60  1.025821e+00  1.094928e+00  3.827063e+00  1.727659e-05  1.159430e-03 -1.000000e-01  1.727659e-06  1.159430e-04  1.390689e-07  4.227992e+01
 61  1.025820e+00  1.094840e+00  3.827063e+00  1.316809e-05  8.839265e-04 -1.000000e-01  1.316809e-06  8.839265e-05  9.170613e-08  4.228240e+01
 62  1.025819e+00  1.094772e+00  3.827063e+00  1.003715e-05  6.738848e-04 -1.000000e-01  1.003715e-06  6.738848e-05  6.159297e-08  4.228429e+01
 63  1.025818e+00  1.094721e+00  3.827063e+00  7.650955e-06  5.137521e-04 -1.000000e-01  7.650955e-07  5.137520e-05  4.212014e-08  4.228574e+01
 64  1.025817e+00  1.094682e+00  3.827063e+00  5.832235e-06  3.916699e-04 -1.000000e-01  5.832235e-07  3.916699e-05  2.930001e-08  4.228684e+01
 65  1.025817e+00  1.094652e+00  3.827063e+00  4.445954e-06  2.985973e-04 -1.000000e-01  4.445954e-07  2.985973e-05  2.070355e-08  4.228767e+01
 66  1.025817e+00  1.094629e+00  3.827063e+00  3.389243e-06  2.276412e-04 -1.000000e-01  3.389243e-07  2.276412e-05  1.483410e-08  4.228831e+01
 67  1.025816e+00  1.094612e+00  3.827063e+00  2.583726e-06  1.735463e-04 -1.000000e-01  2.583726e-07  1.735463e-05  1.075710e-08  4.228880e+01
 68  1.025816e+00  1.094598e+00  3.827063e+00  1.969675e-06  1.323059e-04 -9.999999e-02  1.969674e-07  1.323059e-05  7.880071e-09  4.228917e+01
 69  1.025816e+00  1.094588e+00  3.827063e+00  1.501571e-06  1.008656e-04 -1.000000e-01  1.501571e-07  1.008656e-05  5.821058e-09  4.228945e+01
 70  1.025816e+00  1.094581e+00  3.827063e+00  1.144722e-06  7.689646e-05 -9.999999e-02  1.144722e-07  7.689645e-06  4.329414e-09  4.228967e+01

  k             x             y       f(x, y)            Sx            Sy        lambda |xk - x(k-1)| |yk - y(k-1)| |fk - f(k-1)|         angle
  1  1.983370e+00  4.966662e+00  1.014001e+00  1.662967e-01  3.333796e-01 -1.000000e-01  1.662967e-02  3.333796e-02  1.400056e-02  4.742336e+00
  2  1.949364e+00  4.898250e+00  1.043450e+00  3.400601e-01  6.841183e-01 -1.000000e-01  3.400601e-02  6.841183e-02  2.944952e-02  4.729812e+00
  3  1.923226e+00  4.845018e+00  1.067013e+00  2.613792e-01  5.323257e-01 -1.000000e-01  2.613792e-02  5.323257e-02  2.356277e-02  4.501101e+00
  4  1.893712e+00  4.784249e+00  1.094625e+00  2.951483e-01  6.076904e-01 -1.000000e-01  2.951483e-02  6.076904e-02  2.761262e-02  4.310560e+00
  5  1.864782e+00  4.723886e+00  1.122816e+00  2.892978e-01  6.036249e-01 -1.000000e-01  2.892978e-02  6.036249e-02  2.819075e-02  4.064970e+00
  6  1.834864e+00  4.660599e+00  1.153209e+00  2.991731e-01  6.328745e-01 -1.000000e-01  2.991731e-02  6.328745e-02  3.039302e-02  3.811668e+00
  7  1.804539e+00  4.595486e+00  1.185391e+00  3.032526e-01  6.511272e-01 -1.000000e-01  3.032526e-02  6.511272e-02  3.218223e-02  3.534271e+00
  8  1.773566e+00  4.527925e+00  1.219785e+00  3.097297e-01  6.756137e-01 -1.000000e-01  3.097297e-02  6.756137e-02  3.439389e-02  3.238670e+00
  9  1.742022e+00  4.457945e+00  1.256511e+00  3.154472e-01  6.998005e-01 -1.000000e-01  3.154472e-02  6.998005e-02  3.672530e-02  2.920335e+00
 10  1.709863e+00  4.385303e+00  1.295844e+00  3.215856e-01  7.264157e-01 -1.000000e-01  3.215856e-02  7.264157e-02  3.933381e-02  2.577872e+00
 11  1.677098e+00  4.309842e+00  1.338043e+00  3.276528e-01  7.546128e-01 -1.000000e-01  3.276528e-02  7.546128e-02  4.219808e-02  2.207874e+00
 12  1.643720e+00  4.231346e+00  1.383417e+00  3.337807e-01  7.849575e-01 -1.000000e-01  3.337807e-02  7.849575e-02  4.537448e-02  1.806948e+00
 13  1.609735e+00  4.149597e+00  1.432312e+00  3.398425e-01  8.174899e-01 -1.000000e-01  3.398425e-02  8.174899e-02  4.889510e-02  1.370819e+00
 14  1.575157e+00  4.064349e+00  1.485122e+00  3.457847e-01  8.524789e-01 -1.000000e-01  3.457847e-02  8.524789e-02  5.280957e-02  8.945194e-01
 15  1.540008e+00  3.975336e+00  1.542291e+00  3.514926e-01  8.901286e-01 -1.000000e-01  3.514926e-02  8.901286e-02  5.716911e-02  3.721005e-01
 16  1.504324e+00  3.882267e+00  1.604324e+00  3.568321e-01  9.306897e-01 -1.000000e-01  3.568321e-02  9.306897e-02  6.203351e-02  2.035252e-01
 17  1.468162e+00  3.784826e+00  1.671793e+00  3.616211e-01  9.744104e-01 -1.000000e-01  3.616211e-02  9.744104e-02  6.746850e-02  8.408541e-01
 18  1.431600e+00  3.682672e+00  1.745339e+00  3.656244e-01  1.021544e+00 -1.000000e-01  3.656244e-02  1.021544e-01  7.354602e-02  1.550086e+00
 19  1.394746e+00  3.575440e+00  1.825680e+00  3.685357e-01  1.072322e+00 -1.000000e-01  3.685357e-02  1.072322e-01  8.034142e-02  2.343483e+00
 20  1.357750e+00  3.462746e+00  1.913609e+00  3.699602e-01  1.126931e+00 -1.000000e-01  3.699602e-02  1.126931e-01  8.792868e-02  3.235761e+00
 21  1.320811e+00  3.344201e+00  2.009979e+00  3.693926e-01  1.185450e+00 -1.000000e-01  3.693926e-02  1.185450e-01  9.637042e-02  4.244509e+00
 22  1.284191e+00  3.219424e+00  2.115679e+00  3.661963e-01  1.247770e+00 -1.000000e-01  3.661963e-02  1.247770e-01  1.056998e-01  5.390550e+00
 23  1.248233e+00  3.088080e+00  2.231567e+00  3.595865e-01  1.313442e+00 -1.000000e-01  3.595865e-02  1.313442e-01  1.158882e-01  6.698120e+00
 24  1.213370e+00  2.949935e+00  2.358358e+00  3.486314e-01  1.381450e+00 -1.000000e-01  3.486314e-02  1.381450e-01  1.267908e-01  8.194612e+00
 25  1.180140e+00  2.804950e+00  2.496417e+00  3.322943e-01  1.449854e+00 -1.000000e-01  3.322943e-02  1.449854e-01  1.380587e-01  9.909420e+00
 26  1.149185e+00  2.653422e+00  2.645427e+00  3.095559e-01  1.515279e+00 -1.000000e-01  3.095559e-02  1.515279e-01  1.490102e-01  1.187115e+01
 27  1.121217e+00  2.496193e+00  2.803899e+00  2.796754e-01  1.572285e+00 -1.000000e-01  2.796754e-02  1.572285e-01  1.584717e-01  1.410204e+01
 28  1.096953e+00  2.334916e+00  2.968555e+00  2.426417e-01  1.612772e+00 -1.000000e-01  2.426417e-02  1.612772e-01  1.646562e-01  1.660834e+01
 29  1.076974e+00  2.172320e+00  3.133809e+00  1.997877e-01  1.625962e+00 -1.000000e-01  1.997877e-02  1.625962e-01  1.652537e-01  1.936588e+01
 30  1.061543e+00  2.012334e+00  3.291819e+00  1.543068e-01  1.599860e+00 -1.000000e-01  1.543068e-02  1.599860e-01  1.580102e-01  2.230333e+01
 31  1.050436e+00  1.859828e+00  3.433730e+00  1.110700e-01  1.525058e+00 -1.000000e-01  1.110700e-02  1.525058e-01  1.419111e-01  2.529239e+01
 32  1.042922e+00  1.719809e+00  3.552139e+00  7.514044e-02  1.400194e+00 -1.000000e-01  7.514044e-03  1.400194e-01  1.184091e-01  2.816157e+01
 33  1.037982e+00  1.596262e+00  3.643580e+00  4.940843e-02  1.235466e+00 -1.000000e-01  4.940843e-03  1.235466e-01  9.144111e-02  3.074410e+01
 34  1.034657e+00  1.491246e+00  3.709262e+00  3.324768e-02  1.050165e+00 -1.000000e-01  3.324768e-03  1.050165e-01  6.568149e-02  3.294036e+01
 35  1.032295e+00  1.404737e+00  3.753658e+00  2.361960e-02  8.650881e-01 -1.000000e-01  2.361960e-03  8.650881e-02  4.439661e-02  3.474698e+01
 36  1.030552e+00  1.335167e+00  3.782301e+00  1.742651e-02  6.956964e-01 -1.000000e-01  1.742651e-03  6.956964e-02  2.864257e-02  3.622794e+01
 37  1.029265e+00  1.280176e+00  3.800172e+00  1.287623e-02  5.499099e-01 -1.000000e-01  1.287623e-03  5.499099e-02  1.787080e-02  3.745801e+01
 38  1.028330e+00  1.237220e+00  3.811069e+00  9.342172e-03  4.295599e-01 -1.000000e-01  9.342172e-04  4.295599e-02  1.089692e-02  3.848618e+01
 39  1.027663e+00  1.203930e+00  3.817612e+00  6.677634e-03  3.328991e-01 -1.000000e-01  6.677634e-04  3.328991e-02  6.543420e-03  3.933459e+01
 40  1.027185e+00  1.178267e+00  3.821502e+00  4.772213e-03  2.566354e-01 -1.000000e-01  4.772213e-04  2.566354e-02  3.889808e-03  4.001584e+01
 41  1.026840e+00  1.158551e+00  3.823799e+00  3.453980e-03  1.971536e-01 -1.000000e-01  3.453980e-04  1.971536e-02  2.297215e-03  4.054733e+01
 42  1.026586e+00  1.143441e+00  3.825150e+00  2.541361e-03  1.511058e-01 -1.000000e-01  2.541361e-04  1.511058e-02  1.350960e-03  4.095409e+01
 43  1.026396e+00  1.131878e+00  3.825942e+00  1.893460e-03  1.156314e-01 -1.000000e-01  1.893460e-04  1.156314e-02  7.923837e-04  4.126388e+01
 44  1.026254e+00  1.123039e+00  3.826406e+00  1.420025e-03  8.839021e-02 -1.000000e-01  1.420025e-04  8.839021e-03  4.640421e-04  4.150127e+01
 45  1.026148e+00  1.116287e+00  3.826678e+00  1.067787e-03  6.751649e-02 -1.000000e-01  1.067787e-04  6.751649e-03  2.715557e-04  4.168473e+01
 46  1.026067e+00  1.111133e+00  3.826837e+00  8.041089e-04  5.154523e-02 -1.000000e-01  8.041089e-05  5.154523e-03  1.588990e-04  4.182696e+01
 47  1.026007e+00  1.107199e+00  3.826930e+00  6.066384e-04  3.933735e-02 -1.000000e-01  6.066384e-05  3.933735e-03  9.302382e-05  4.193680e+01
 48  1.025961e+00  1.104198e+00  3.826984e+00  4.586991e-04  3.001267e-02 -1.000000e-01  4.586991e-05  3.001267e-03  5.451601e-05  4.202096e+01
 49  1.025926e+00  1.101908e+00  3.827016e+00  3.476073e-04  2.289384e-02 -1.000000e-01  3.476073e-05  2.289384e-03  3.200184e-05  4.208503e+01
 50  1.025900e+00  1.100162e+00  3.827035e+00  2.638782e-04  1.746103e-02 -1.000000e-01  2.638782e-05  1.746103e-03  1.882987e-05  4.213368e+01
 51  1.025880e+00  1.098830e+00  3.827046e+00  2.005479e-04  1.331601e-02 -1.000000e-01  2.005479e-05  1.331601e-03  1.111462e-05  4.217070e+01
 52  1.025864e+00  1.097815e+00  3.827053e+00  1.525254e-04  1.015416e-02 -1.000000e-01  1.525254e-05  1.015416e-03  6.587797e-06  4.219897e+01
 53  1.025853e+00  1.097041e+00  3.827057e+00  1.160580e-04  7.742615e-03 -1.000000e-01  1.160580e-05  7.742615e-04  3.925446e-06  4.222062e+01
 54  1.025844e+00  1.096450e+00  3.827059e+00  8.834365e-05  5.903529e-03 -1.000000e-01  8.834365e-06  5.903529e-04  2.354712e-06  4.223719e+01
 55  1.025837e+00  1.096000e+00  3.827061e+00  6.727034e-05  4.501124e-03 -1.000000e-01  6.727034e-06  4.501124e-04  1.424213e-06  4.224985e+01
 56  1.025832e+00  1.095657e+00  3.827061e+00  5.123876e-05  3.431777e-03 -1.000000e-01  5.123876e-06  3.431777e-04  8.701014e-07  4.225949e+01
 57  1.025828e+00  1.095395e+00  3.827062e+00  3.903674e-05  2.616427e-03 -1.000000e-01  3.903674e-06  2.616427e-04  5.379530e-07  4.226683e+01
 58  1.025825e+00  1.095196e+00  3.827062e+00  2.974552e-05  1.994765e-03 -1.000000e-01  2.974552e-06  1.994765e-04  3.372291e-07  4.227241e+01
 59  1.025823e+00  1.095044e+00  3.827063e+00  2.266842e-05  1.520793e-03 -1.000000e-01  2.266842e-06  1.520793e-04  2.147225e-07  4.227667e+01
 60  1.025821e+00  1.094928e+00  3.827063e+00  1.727659e-05  1.159430e-03 -1.000000e-01  1.727659e-06  1.159430e-04  1.390689e-07  4.227992e+01
 61  1.025820e+00  1.094840e+00  3.827063e+00  1.316809e-05  8.839265e-04 -1.000000e-01  1.316809e-06  8.839265e-05  9.170613e-08  4.228240e+01
 62  1.025819e+00  1.094772e+00  3.827063e+00  1.003715e-05  6.738848e-04 -1.000000e-01  1.003715e-06  6.738848e-05  6.159297e-08  4.228429e+01
 63  1.025818e+00  1.094721e+00  3.827063e+00  7.650955e-06  5.137521e-04 -1.000000e-01  7.650955e-07  5.137520e-05  4.212014e-08  4.228574e+01
 64  1.025817e+00  1.094682e+00  3.827063e+00  5.832235e-06  3.916699e-04 -1.000000e-01  5.832235e-07  3.916699e-05  2.930001e-08  4.228684e+01
 65  1.025817e+00  1.094652e+00  3.827063e+00  4.445954e-06  2.985973e-04 -1.000000e-01  4.445954e-07  2.985973e-05  2.070355e-08  4.228767e+01
 66  1.025817e+00  1.094629e+00  3.827063e+00  3.389243e-06  2.276412e-04 -1.000000e-01  3.389243e-07  2.276412e-05  1.483410e-08  4.228831e+01
 67  1.025816e+00  1.094612e+00  3.827063e+00  2.583726e-06  1.735463e-04 -1.000000e-01  2.583726e-07  1.735463e-05  1.075710e-08  4.228880e+01
 68  1.025816e+00  1.094598e+00  3.827063e+00  1.969675e-06  1.323059e-04 -9.999999e-02  1.969674e-07  1.323059e-05  7.880071e-09  4.228917e+01
 69  1.025816e+00  1.094588e+00  3.827063e+00  1.501571e-06  1.008656e-04 -1.000000e-01  1.501571e-07  1.008656e-05  5.821058e-09  4.228945e+01
 70  1.025816e+00  1.094581e+00  3.827063e+00  1.144722e-06  7.689646e-05 -9.999999e-02  1.144722e-07  7.689645e-06  4.329414e-09  4.228967e+01
 71  1.025816e+00  1.094575e+00  3.827063e+00  8.726825e-07  5.862321e-05 -1.000000e-01  8.726825e-08  5.862321e-06  3.237616e-09  4.228983e+01
 72  1.025816e+00  1.094570e+00  3.827063e+00  6.652946e-07  4.469230e-05 -9.999999e-02  6.652945e-08  4.469229e-06  2.431642e-09  4.228996e+01
 73  1.025816e+00  1.094567e+00  3.827063e+00  5.071926e-07  3.407185e-05 -9.999999e-02  5.071925e-08  3.407184e-06  1.832525e-09  4.229005e+01
 74  1.025816e+00  1.094564e+00  3.827063e+00  3.866631e-07  2.597518e-05 -1.000000e-01  3.866631e-08  2.597518e-06  1.384688e-09  4.229013e+01
 75  1.025816e+00  1.094562e+00  3.827063e+00  2.947767e-07  1.980256e-05 -1.000000e-01  2.947767e-08  1.980256e-06  1.048452e-09  4.229018e+01
 76  1.025816e+00  1.094561e+00  3.827063e+00  2.247264e-07  1.509678e-05 -9.999998e-02  2.247264e-08  1.509677e-06  7.951257e-10  4.229023e+01
 77  1.025816e+00  1.094560e+00  3.827063e+00  1.713229e-07  1.150925e-05 -9.999992e-02  1.713228e-08  1.150924e-06  6.037473e-10  4.229026e+01
 78  1.025816e+00  1.094559e+00  3.827063e+00  1.306103e-07  8.774247e-06 -9.999999e-02  1.306103e-08  8.774246e-07  4.588654e-10  4.229028e+01

  k             x             y       f(x, y)            Sx            Sy        lambda |xk - x(k-1)| |yk - y(k-1)| |fk - f(k-1)|         angle
  1  1.983370e+00  4.966662e+00  1.014001e+00  1.662967e-01  3.333796e-01 -1.000000e-01  1.662967e-02  3.333796e-02  1.400056e-02  4.742336e+00
  2  1.949364e+00  4.898250e+00  1.043450e+00  3.400601e-01  6.841183e-01 -1.000000e-01  3.400601e-02  6.841183e-02  2.944952e-02  4.729812e+00
  3  1.923226e+00  4.845018e+00  1.067013e+00  2.613792e-01  5.323257e-01 -1.000000e-01  2.613792e-02  5.323257e-02  2.356277e-02  4.501101e+00
  4  1.893712e+00  4.784249e+00  1.094625e+00  2.951483e-01  6.076904e-01 -1.000000e-01  2.951483e-02  6.076904e-02  2.761262e-02  4.310560e+00
  5  1.864782e+00  4.723886e+00  1.122816e+00  2.892978e-01  6.036249e-01 -1.000000e-01  2.892978e-02  6.036249e-02  2.819075e-02  4.064970e+00
  6  1.834864e+00  4.660599e+00  1.153209e+00  2.991731e-01  6.328745e-01 -1.000000e-01  2.991731e-02  6.328745e-02  3.039302e-02  3.811668e+00
  7  1.804539e+00  4.595486e+00  1.185391e+00  3.032526e-01  6.511272e-01 -1.000000e-01  3.032526e-02  6.511272e-02  3.218223e-02  3.534271e+00
  8  1.773566e+00  4.527925e+00  1.219785e+00  3.097297e-01  6.756137e-01 -1.000000e-01  3.097297e-02  6.756137e-02  3.439389e-02  3.238670e+00
  9  1.742022e+00  4.457945e+00  1.256511e+00  3.154472e-01  6.998005e-01 -1.000000e-01  3.154472e-02  6.998005e-02  3.672530e-02  2.920335e+00
 10  1.709863e+00  4.385303e+00  1.295844e+00  3.215856e-01  7.264157e-01 -1.000000e-01  3.215856e-02  7.264157e-02  3.933381e-02  2.577872e+00
 11  1.677098e+00  4.309842e+00  1.338043e+00  3.276528e-01  7.546128e-01 -1.000000e-01  3.276528e-02  7.546128e-02  4.219808e-02  2.207874e+00
 12  1.643720e+00  4.231346e+00  1.383417e+00  3.337807e-01  7.849575e-01 -1.000000e-01  3.337807e-02  7.849575e-02  4.537448e-02  1.806948e+00
 13  1.609735e+00  4.149597e+00  1.432312e+00  3.398425e-01  8.174899e-01 -1.000000e-01  3.398425e-02  8.174899e-02  4.889510e-02  1.370819e+00
 14  1.575157e+00  4.064349e+00  1.485122e+00  3.457847e-01  8.524789e-01 -1.000000e-01  3.457847e-02  8.524789e-02  5.280957e-02  8.945194e-01
 15  1.540008e+00  3.975336e+00  1.542291e+00  3.514926e-01  8.901286e-01 -1.000000e-01  3.514926e-02  8.901286e-02  5.716911e-02  3.721005e-01
 16  1.504324e+00  3.882267e+00  1.604324e+00  3.568321e-01  9.306897e-01 -1.000000e-01  3.568321e-02  9.306897e-02  6.203351e-02  2.035252e-01
 17  1.468162e+00  3.784826e+00  1.671793e+00  3.616211e-01  9.744104e-01 -1.000000e-01  3.616211e-02  9.744104e-02  6.746850e-02  8.408541e-01
 18  1.431600e+00  3.682672e+00  1.745339e+00  3.656244e-01  1.021544e+00 -1.000000e-01  3.656244e-02  1.021544e-01  7.354602e-02  1.550086e+00
 19  1.394746e+00  3.575440e+00  1.825680e+00  3.685357e-01  1.072322e+00 -1.000000e-01  3.685357e-02  1.072322e-01  8.034142e-02  2.343483e+00
 20  1.357750e+00  3.462746e+00  1.913609e+00  3.699602e-01  1.126931e+00 -1.000000e-01  3.699602e-02  1.126931e-01  8.792868e-02  3.235761e+00
 21  1.320811e+00  3.344201e+00  2.009979e+00  3.693926e-01  1.185450e+00 -1.000000e-01  3.693926e-02  1.185450e-01  9.637042e-02  4.244509e+00
 22  1.284191e+00  3.219424e+00  2.115679e+00  3.661963e-01  1.247770e+00 -1.000000e-01  3.661963e-02  1.247770e-01  1.056998e-01  5.390550e+00
 23  1.248233e+00  3.088080e+00  2.231567e+00  3.595865e-01  1.313442e+00 -1.000000e-01  3.595865e-02  1.313442e-01  1.158882e-01  6.698120e+00
 24  1.213370e+00  2.949935e+00  2.358358e+00  3.486314e-01  1.381450e+00 -1.000000e-01  3.486314e-02  1.381450e-01  1.267908e-01  8.194612e+00
 25  1.180140e+00  2.804950e+00  2.496417e+00  3.322943e-01  1.449854e+00 -1.000000e-01  3.322943e-02  1.449854e-01  1.380587e-01  9.909420e+00
 26  1.149185e+00  2.653422e+00  2.645427e+00  3.095559e-01  1.515279e+00 -1.000000e-01  3.095559e-02  1.515279e-01  1.490102e-01  1.187115e+01
 27  1.121217e+00  2.496193e+00  2.803899e+00  2.796754e-01  1.572285e+00 -1.000000e-01  2.796754e-02  1.572285e-01  1.584717e-01  1.410204e+01
 28  1.096953e+00  2.334916e+00  2.968555e+00  2.426417e-01  1.612772e+00 -1.000000e-01  2.426417e-02  1.612772e-01  1.646562e-01  1.660834e+01
 29  1.076974e+00  2.172320e+00  3.133809e+00  1.997877e-01  1.625962e+00 -1.000000e-01  1.997877e-02  1.625962e-01  1.652537e-01  1.936588e+01
 30  1.061543e+00  2.012334e+00  3.291819e+00  1.543068e-01  1.599860e+00 -1.000000e-01  1.543068e-02  1.599860e-01  1.580102e-01  2.230333e+01
 31  1.050436e+00  1.859828e+00  3.433730e+00  1.110700e-01  1.525058e+00 -1.000000e-01  1.110700e-02  1.525058e-01  1.419111e-01  2.529239e+01
 32  1.042922e+00  1.719809e+00  3.552139e+00  7.514044e-02  1.400194e+00 -1.000000e-01  7.514044e-03  1.400194e-01  1.184091e-01  2.816157e+01
 33  1.037982e+00  1.596262e+00  3.643580e+00  4.940843e-02  1.235466e+00 -1.000000e-01  4.940843e-03  1.235466e-01  9.144111e-02  3.074410e+01
 34  1.034657e+00  1.491246e+00  3.709262e+00  3.324768e-02  1.050165e+00 -1.000000e-01  3.324768e-03  1.050165e-01  6.568149e-02  3.294036e+01
 35  1.032295e+00  1.404737e+00  3.753658e+00  2.361960e-02  8.650881e-01 -1.000000e-01  2.361960e-03  8.650881e-02  4.439661e-02  3.474698e+01
 36  1.030552e+00  1.335167e+00  3.782301e+00  1.742651e-02  6.956964e-01 -1.000000e-01  1.742651e-03  6.956964e-02  2.864257e-02  3.622794e+01
 37  1.029265e+00  1.280176e+00  3.800172e+00  1.287623e-02  5.499099e-01 -1.000000e-01  1.287623e-03  5.499099e-02  1.787080e-02  3.745801e+01
 38  1.028330e+00  1.237220e+00  3.811069e+00  9.342172e-03  4.295599e-01 -1.000000e-01  9.342172e-04  4.295599e-02  1.089692e-02  3.848618e+01
 39  1.027663e+00  1.203930e+00  3.817612e+00  6.677634e-03  3.328991e-01 -1.000000e-01  6.677634e-04  3.328991e-02  6.543420e-03  3.933459e+01
 40  1.027185e+00  1.178267e+00  3.821502e+00  4.772213e-03  2.566354e-01 -1.000000e-01  4.772213e-04  2.566354e-02  3.889808e-03  4.001584e+01
 41  1.026840e+00  1.158551e+00  3.823799e+00  3.453980e-03  1.971536e-01 -1.000000e-01  3.453980e-04  1.971536e-02  2.297215e-03  4.054733e+01
 42  1.026586e+00  1.143441e+00  3.825150e+00  2.541361e-03  1.511058e-01 -1.000000e-01  2.541361e-04  1.511058e-02  1.350960e-03  4.095409e+01
 43  1.026396e+00  1.131878e+00  3.825942e+00  1.893460e-03  1.156314e-01 -1.000000e-01  1.893460e-04  1.156314e-02  7.923837e-04  4.126388e+01
 44  1.026254e+00  1.123039e+00  3.826406e+00  1.420025e-03  8.839021e-02 -1.000000e-01  1.420025e-04  8.839021e-03  4.640421e-04  4.150127e+01
 45  1.026148e+00  1.116287e+00  3.826678e+00  1.067787e-03  6.751649e-02 -1.000000e-01  1.067787e-04  6.751649e-03  2.715557e-04  4.168473e+01
 46  1.026067e+00  1.111133e+00  3.826837e+00  8.041089e-04  5.154523e-02 -1.000000e-01  8.041089e-05  5.154523e-03  1.588990e-04  4.182696e+01
 47  1.026007e+00  1.107199e+00  3.826930e+00  6.066384e-04  3.933735e-02 -1.000000e-01  6.066384e-05  3.933735e-03  9.302382e-05  4.193680e+01
 48  1.025961e+00  1.104198e+00  3.826984e+00  4.586991e-04  3.001267e-02 -1.000000e-01  4.586991e-05  3.001267e-03  5.451601e-05  4.202096e+01
 49  1.025926e+00  1.101908e+00  3.827016e+00  3.476073e-04  2.289384e-02 -1.000000e-01  3.476073e-05  2.289384e-03  3.200184e-05  4.208503e+01
 50  1.025900e+00  1.100162e+00  3.827035e+00  2.638782e-04  1.746103e-02 -1.000000e-01  2.638782e-05  1.746103e-03  1.882987e-05  4.213368e+01
 51  1.025880e+00  1.098830e+00  3.827046e+00  2.005479e-04  1.331601e-02 -1.000000e-01  2.005479e-05  1.331601e-03  1.111462e-05  4.217070e+01
 52  1.025864e+00  1.097815e+00  3.827053e+00  1.525254e-04  1.015416e-02 -1.000000e-01  1.525254e-05  1.015416e-03  6.587797e-06  4.219897e+01
 53  1.025853e+00  1.097041e+00  3.827057e+00  1.160580e-04  7.742615e-03 -1.000000e-01  1.160580e-05  7.742615e-04  3.925446e-06  4.222062e+01
 54  1.025844e+00  1.096450e+00  3.827059e+00  8.834365e-05  5.903529e-03 -1.000000e-01  8.834365e-06  5.903529e-04  2.354712e-06  4.223719e+01
 55  1.025837e+00  1.096000e+00  3.827061e+00  6.727034e-05  4.501124e-03 -1.000000e-01  6.727034e-06  4.501124e-04  1.424213e-06  4.224985e+01
 56  1.025832e+00  1.095657e+00  3.827061e+00  5.123876e-05  3.431777e-03 -1.000000e-01  5.123876e-06  3.431777e-04  8.701014e-07  4.225949e+01
 57  1.025828e+00  1.095395e+00  3.827062e+00  3.903674e-05  2.616427e-03 -1.000000e-01  3.903674e-06  2.616427e-04  5.379530e-07  4.226683e+01
 58  1.025825e+00  1.095196e+00  3.827062e+00  2.974552e-05  1.994765e-03 -1.000000e-01  2.974552e-06  1.994765e-04  3.372291e-07  4.227241e+01
 59  1.025823e+00  1.095044e+00  3.827063e+00  2.266842e-05  1.520793e-03 -1.000000e-01  2.266842e-06  1.520793e-04  2.147225e-07  4.227667e+01
 60  1.025821e+00  1.094928e+00  3.827063e+00  1.727659e-05  1.159430e-03 -1.000000e-01  1.727659e-06  1.159430e-04  1.390689e-07  4.227992e+01
 61  1.025820e+00  1.094840e+00  3.827063e+00  1.316809e-05  8.839265e-04 -1.000000e-01  1.316809e-06  8.839265e-05  9.170613e-08  4.228240e+01
 62  1.025819e+00  1.094772e+00  3.827063e+00  1.003715e-05  6.738848e-04 -1.000000e-01  1.003715e-06  6.738848e-05  6.159297e-08  4.228429e+01
 63  1.025818e+00  1.094721e+00  3.827063e+00  7.650955e-06  5.137521e-04 -1.000000e-01  7.650955e-07  5.137520e-05  4.212014e-08  4.228574e+01
 64  1.025817e+00  1.094682e+00  3.827063e+00  5.832235e-06  3.916699e-04 -1.000000e-01  5.832235e-07  3.916699e-05  2.930001e-08  4.228684e+01
 65  1.025817e+00  1.094652e+00  3.827063e+00  4.445954e-06  2.985973e-04 -1.000000e-01  4.445954e-07  2.985973e-05  2.070355e-08  4.228767e+01
 66  1.025817e+00  1.094629e+00  3.827063e+00  3.389243e-06  2.276412e-04 -1.000000e-01  3.389243e-07  2.276412e-05  1.483410e-08  4.228831e+01
 67  1.025816e+00  1.094612e+00  3.827063e+00  2.583726e-06  1.735463e-04 -1.000000e-01  2.583726e-07  1.735463e-05  1.075710e-08  4.228880e+01
 68  1.025816e+00  1.094598e+00  3.827063e+00  1.969675e-06  1.323059e-04 -9.999999e-02  1.969674e-07  1.323059e-05  7.880071e-09  4.228917e+01
 69  1.025816e+00  1.094588e+00  3.827063e+00  1.501571e-06  1.008656e-04 -1.000000e-01  1.501571e-07  1.008656e-05  5.821058e-09  4.228945e+01
 70  1.025816e+00  1.094581e+00  3.827063e+00  1.144722e-06  7.689646e-05 -9.999999e-02  1.144722e-07  7.689645e-06  4.329414e-09  4.228967e+01
 71  1.025816e+00  1.094575e+00  3.827063e+00  8.726825e-07  5.862321e-05 -1.000000e-01  8.726825e-08  5.862321e-06  3.237616e-09  4.228983e+01
 72  1.025816e+00  1.094570e+00  3.827063e+00  6.652946e-07  4.469230e-05 -9.999999e-02  6.652945e-08  4.469229e-06  2.431642e-09  4.228996e+01
 73  1.025816e+00  1.094567e+00  3.827063e+00  5.071926e-07  3.407185e-05 -9.999999e-02  5.071925e-08  3.407184e-06  1.832525e-09  4.229005e+01
 74  1.025816e+00  1.094564e+00  3.827063e+00  3.866631e-07  2.597518e-05 -1.000000e-01  3.866631e-08  2.597518e-06  1.384688e-09  4.229013e+01
 75  1.025816e+00  1.094562e+00  3.827063e+00  2.947767e-07  1.980256e-05 -1.000000e-01  2.947767e-08  1.980256e-06  1.048452e-09  4.229018e+01
 76  1.025816e+00  1.094561e+00  3.827063e+00  2.247264e-07  1.509678e-05 -9.999998e-02  2.247264e-08  1.509677e-06  7.951257e-10  4.229023e+01
 77  1.025816e+00  1.094560e+00  3.827063e+00  1.713229e-07  1.150925e-05 -9.999992e-02  1.713228e-08  1.150924e-06  6.037473e-10  4.229026e+01
 78  1.025816e+00  1.094559e+00  3.827063e+00  1.306103e-07  8.774247e-06 -9.999999e-02  1.306103e-08  8.774246e-07  4.588654e-10  4.229028e+01
 79  1.025816e+00  1.094558e+00  3.827063e+00  9.957245e-08  6.689174e-06 -9.999987e-02  9.957232e-09  6.689166e-07  3.490022e-10  4.229030e+01
 80  1.025816e+00  1.094558e+00  3.827063e+00  7.591043e-08  5.099592e-06 -9.999986e-02  7.591033e-09  5.099585e-07  2.655907e-10  4.229032e+01
 81  1.025816e+00  1.094557e+00  3.827063e+00  5.787138e-08  3.887749e-06 -9.999971e-02  5.787121e-09  3.887738e-07  2.021996e-10  4.229033e+01
 82  1.025816e+00  1.094557e+00  3.827063e+00  4.411909e-08  2.963885e-06 -9.999942e-02  4.411884e-09  2.963868e-07  1.539888e-10  4.229033e+01
 83  1.025816e+00  1.094557e+00  3.827063e+00  3.363488e-08  2.259565e-06 -9.999965e-02  3.363476e-09  2.259557e-07  1.173026e-10  4.229034e+01
 84  1.025816e+00  1.094557e+00  3.827063e+00  2.564203e-08  1.722613e-06 -9.999977e-02  2.564198e-09  1.722609e-07  8.937295e-11  4.229035e+01
 85  1.025816e+00  1.094556e+00  3.827063e+00  1.954858e-08  1.313260e-06 -9.999844e-02  1.954828e-09  1.313240e-07  6.810197e-11  4.229035e+01
 86  1.025816e+00  1.094556e+00  3.827063e+00  1.490324e-08  1.001189e-06 -9.999941e-02  1.490315e-09  1.001183e-07  5.190115e-11  4.229035e+01
 87  1.025816e+00  1.094556e+00  3.827063e+00  1.136169e-08  7.632707e-07 -9.999972e-02  1.136166e-09  7.632686e-08  3.955725e-11  4.229035e+01

